2444700
2486288
2440017
2486198
2485154
2458205
2477881
2432814
2448315
2462917
2499793
2455660
2529665
2537339
2526720
2581671
2579106
2575137
2519375
2552395
2547653
2593768
2611102
2605724
2662184
2747795
2751742
2765991
2735645
2787992
2788441
2755030
2731825
2725496
2843827
2897401
2848629
2859416
2867939
2890024
2889739
2843342
2837842
2888877
2879036
2864566
2835635
2901209
2951551
2972363
2978886
2952683
2991427
2985796
2951832
2966206
2974324
2929729
3005338
3094164
3096236
3085570
3000664
3050198
3045131
3032534
3122425
3104271
3104268
3125104
3170903
3167644
3227661
3225912
3256193
3262091
3215073
3278173
3280623
3231025
3283313
3232082
3316599
3308184
3348132
3323871
3396082
3377746
3322982
3391850
3387362
3308482
3340629
3347206
3453563
3451844
3430381
3465075
3422793
3441029
3441429
3497168
