2391206
2385430
2395306
2382625
2389542
2390413
2395693
2388289
2392385
2384576
2385217
2396908
2392963
2383523
2391910
2384777
2384943
2383134
2394237
2390365
2383437
2392533
2389574
2396781
2383678
2390830
2387686
2383732
2388468
2398927
2393927
2388126
2384486
2398661
2381398
2391043
2385813
2383840
2394113
2385032
2385898
2392812
2392863
2384713
2390444
2396179
2392759
2395318
2394138
2381429
2390539
2392090
2393269
2383845
2397549
2388345
2382212
2387761
2391425
2385151
2384761
2388439
2383706
2399010
2393613
2388954
2388466
2392089
2397740
2381677
2391044
2398704
2385231
2389705
2384774
2395829
2384352
2389765
2398779
2390970
2389911
2399042
2382427
2395346
2390924
2397673
2381430
2389382
2391047
2391372
2393760
2382376
2388282
2394677
2395823
2393013
2395721
2390296
2395573
2384310
2398863
2393085
2387684
2395631
2397372
2395116
2394951
2391538
2392011
2385477
2389431
2389585
2382518
2384381
2387712
2386457
2385701
2385557
2382441
2387988
2387685
2384900
2390414
2391604
2389536
2390895
2392505
2398171
2382897
2390972
2391595
2494202
2473963
2491448
2413378
2454366
2494508
2456130
2428211
2499707
2494093
2447296
2480890
2483852
2435145
2444012
2482888
2475578
2451736
2487154
2418558
2453076
2469339
2470704
2447240
2436325
2445514
2403017
2403782
2451106
2464543
2406382
2441083
2422454
2462847
2493218
2491783
2410286
2421581
2427653
2429624
2438020
2409385
2444859
2417383
2440663
2489945
2491386
2431863
2479121
2452881
2456586
2492519
2438085
2456918
2463167
2429346
2421050
2456686
2441230
2444763
2490999
2431385
2464780
2436619
2408630
2436612
2428687
2489529
2494031
2402196
2493669
2460579
2421302
2493897
2481856
2412927
2421017
2468597
2478014
2485110
2496894
2444412
2496801
2469329
2405440
2421440
2444451
2404070
2431032
2473690
2491882
2495923
2409379
2477041
2487569
2481826
2498564
2403860
2429156
2448951
2433735
2421232
2458052
2472148
2489827
2437960
2479707
2417185
2484225
2431322
2436823
2427507
2459484
2497422
2457174
2412621
2492303
2438023
2485704
2486460
2489433
2436087
2469214
2484436
2480670
2443890
2420916
2417888
2497616
2456986
2481055
2434790
2487532
2493588
2488815
2460546
2493390
2450526
2407247
2477647
2489788
2426219
2485473
2497446
2498079
2425115
2467806
2435475
2484336
2478298
2493024
2414139
2469631
2479087
2447295
2445082
2489614
2458425
2434786
2493392
2469332
2435766
2441392
2454013
2477034
2498108
2434573
2401931
2416558
2430993
2457599
2435376
2418653
2485067
2414138
2437543
2489473
2484498
2435512
2442992
2460224
2489805
2431034
2465393
2434720
2474411
2408019
2473168
2408629
2435560
2450528
2470300
2445537
2404112
2446463
2438059
2477784
2427896
2489417
2488889
2461855
2427400
2436140
2439271
2496630
2447200
2451100
2434480
2484080
2431044
2494081
2459711
2420960
2410078
2453683
2474241
2437601
2435547
2435810
2475875
2421507
2406354
2454351
2403899
2440954
2491756
2474272
2471989
2437326
2421152
2457790
2478754
2492786
2435913
2461014
2471507
2477544
2455899
2473716
2447189
2428008
2494440
2440404
2483326
2436058
2420944
2409560
2470863
2406164
2409565
2450900
2424446
2497522
2456244
2479647
2488725
2450583
2456742
2480945
2489536
2469680
2458263
2404583
2459352
2444553
2492896
2447308
2461200
2440569
2478318
2458331
2430743
2403799
2487573
2457699
2485182
2482417
2454349
2492363
2419270
2498303
2433897
2400008
2407636
2444961
2494566
2490169
2425635
2494115
2417122
2493091
2463297
2425609
2461925
2443443
2427736
2469334
2426640
2429179
2456712
2469335
2493673
2431050
2437900
2472955
2412272
2439814
2486222
2435126
2453525
2440266
2473697
2403468
2438686
2444827
2454331
2436016
2427642
2481238
2444674
2468528
2405560
2445066
2498255
2488727
2464792
2489456
2474654
2419575
2496432
2451108
2480411
2403862
2434422
2464255
2482393
2441401
2474763
2478947
2489421
2441425
2485815
2484922
2412119
2478874
2473694
2459398
2404266
2403868
2424042
2482137
2428387
2448684
2481473
2489854
2444670
2447048
2493341
2400286
2480620
2468544
2450594
2425868
2428462
2402791
2458511
2489841
2469791
2477610
2404341
2499460
2494025
2487860
2495513
2482442
2401078
2447313
2493840
2496088
2467600
2438067
2479702
2480542
2496979
2415689
2444731
2422500
2428844
2409562
2444730
2424206
2430636
2464220
2424252
2490025
2413918
2407963
2407211
2444400
2469337
2446440
2406702
2480755
2497196
2474822
2470508
2428919
2433989
2456968
2485807
2408036
2436874
2486348
2435780
2423221
2468525
2437684
2463344
2451393
2475014
2499493
2468598
2459967
2454058
2465735
2452121
2457464
2484609
2414452
2453328
2479925
2473661
2496476
2430754
2415557
2470862
2485172
2460489
2433268
2474860
2467566
2484229
2451529
2419344
2454388
2462866
2481185
2467596
2445042
2481123
2443500
2408040
2440411
2431548
2453738
2406871
2463671
2423508
2406508
2482696
2404340
2428159
2481485
2489568
2493463
2477871
2480646
2444294
2424408
2483776
2478502
2456093
2409564
2464816
2495774
2402246
2415954
2457794
2488390
2449310
2462021
2479157
2492640
2495843
2455571
2408114
2422140
2484728
2489097
2410240
2474554
2461325
2441106
2441398
2410620
2475748
2497444
2497006
2492991
2408865
2434302
2481160
2442032
2442441
2496664
2493885
2496526
2484822
2428843
2457104
2413756
2480557
2430071
2446755
2436561
2460429
2463573
2462270
2484443
2462931
2425149
2479192
2480525
2444785
2438080
2454044
2471435
2434578
2456089
2406055
2495782
2488706
2477495
2472971
2405853
2451346
2430561
2450743
2490108
2471096
2424369
2401709
2413312
2413173
2494119
2492271
2424285
2487932
2444786
2421016
2431046
2495840
2417166
2488605
2421156
2497678
2497523
2429548
2477842
2453621
2422502
2485705
2405886
2434789
2453053
2463030
2435082
2410038
2435943
2444938
2437054
2416510
2427453
2486251
2466460
2447225
2463345
2484994
2487567
2490916
2413367
2404689
2432041
2469609
2479709
2430787
2447684
2431221
2489747
2470754
2448228
2481158
2493805
2494999
2440586
2494148
2451408
2429102
2444510
2403704
2486457
2499469
2498256
2406651
2475846
2430058
2470835
2496067
2425837
2449319
2494698
2427900
2402445
2461874
2458061
2475028
2465552
2480539
2498337
2437889
2409511
2410982
2458843
2493968
2463565
2450740
2416748
2462679
2489603
2498258
2406818
2498015
2491775
2493932
2478599
2439845
2460131
2453286
2460128
2402182
2410260
2423316
2419811
2469333
2451931
2498881
2417108
2444486
2459473
2408003
2426636
2490196
2407226
2442868
2488266
2475399
2525680
2583671
2512273
2526173
2513869
2529362
2563604
2536421
2562477
2572941
2533637
2549013
2527872
2565834
2522507
2510317
2551760
2515788
2561394
2561198
2567600
2505033
2535777
2598012
2548206
2570524
2537589
2547112
2504081
2572771
2581673
2531921
2551902
2546652
2526556
2572769
2592458
2552575
2508744
2512391
2589847
2528734
2577130
2570728
2520647
2570769
2512678
2594159
2519061
2527899
2514318
2571017
2562500
2559078
2553452
2570311
2530072
2509811
2529286
2526052
2534708
2551024
2563344
2592727
2556117
2516841
2581674
2544951
2531351
2516594
2586136
2534740
2564524
2531072
2575667
2505328
2514844
2559505
2584235
2527373
2572719
2520009
2525131
2593235
2582960
2574863
2563605
2546152
2518009
2557274
2593260
2518854
2523484
2505348
2597750
2511996
2514467
2570849
2599206
2501475
2519816
2512982
2513594
2535539
2526666
2565817
2529606
2505959
2547881
2550974
2592456
2551944
2540983
2577966
2560942
2541235
2555871
2529852
2562608
2588341
2507349
2582547
2575055
2528381
2537357
2599936
2576719
2535650
2560630
2525466
2501173
2553895
2585142
2558529
2595604
2574057
2599381
2568214
2559783
2523392
2583718
2520234
2540043
2558531
2504914
2505201
2513183
2514919
2550874
2585444
2512798
2553888
2525080
2526878
2594322
2570551
2565141
2531233
2501548
2510956
2588554
2552188
2591117
2518059
2564881
2574004
2520964
2534883
2573306
2556783
2534586
2521752
2529067
2507501
2511176
2577230
2575568
2560536
2547309
2541613
2549437
2598368
2544310
2574556
2531076
2598324
2528797
2586535
2522409
2585556
2547330
2556252
2589825
2569111
2507720
2543529
2589228
2530877
2500396
2583984
2530252
2532768
2571895
2516989
2523144
2520645
2502048
2528020
2539259
2569813
2572498
2532755
2574941
2515664
2538445
2514788
2557889
2582629
2507440
2570600
2542632
2549783
2529524
2514080
2550007
2501759
2527213
2546240
2551836
2566882
2574450
2597537
2507166
2580493
2550975
2585325
2573472
2541459
2550516
2520516
2551082
2534466
2517516
2554294
2563601
2598038
2540048
2552150
2599319
2589877
2516623
2578263
2549063
2563561
2541115
2502986
2561250
2593736
2593381
2544987
2519903
2535731
2505643
2530196
2523722
2576261
2558977
2537066
2512923
2574572
2562130
2574021
2548342
2597056
2583347
2586106
2508234
2506268
2527162
2585301
2551187
2530229
2596997
2546989
2576610
2552594
2525899
2511211
2564821
2538917
2599316
2529867
2568645
2535607
2555995
2535783
2526252
2510954
2513266
2519263
2515604
2535909
2575708
2501201
2500417
2599940
2517241
2552230
2520323
2511317
2592656
2560325
2511716
2564972
2501363
2544358
2554836
2507820
2523182
2585757
2500373
2558333
2500364
2521008
2583254
2547393
2561590
2579598
2563479
2582275
2540912
2502148
2566350
2599266
2508547
2552137
2585435
2519959
2550422
2518044
2522723
2567069
2510672
2542335
2583908
2575574
2514052
2551700
2512422
2553785
2551842
2585052
2517072
2590527
2584364
2534097
2525310
2503705
2551843
2516395
2513641
2512390
2582712
2570057
2501169
2575092
2541246
2550572
2504015
2559847
2558203
2585466
2531906
2526672
2516444
2590684
2512526
2591904
2522839
2570436
2551117
2517680
2524452
2571015
2513250
2512069
2592142
2599380
2556888
2522054
2506558
2581425
2501180
2578065
2517271
2552577
2561300
2580045
2599242
2502031
2554671
2518710
2532229
2518111
2523309
2578042
2541847
2550951
2559848
2531369
2511094
2573641
2529403
2572577
2512272
2572568
2517946
2547142
2584580
2577354
2564311
2563222
2570734
2595623
2554009
2522955
2572858
2571906
2594076
2506901
2597232
2594361
2595133
2543540
2522385
2536864
2553266
2545278
2554100
2529396
2541243
2581677
2579788
2575040
2543995
2574075
2567771
2508645
2539774
2513291
2530090
2505081
2577123
2594269
2529392
2506902
2515609
2593099
2558677
2521799
2557744
2541541
2591953
2576098
2591307
2584416
2558498
2558678
2534042
2557776
2531259
2587267
2594177
2590509
2560699
2590996
2512347
2567708
2532681
2588669
2505992
2529553
2546883
2519908
2573917
2557997
2555663
2563324
2553470
2571839
2546651
2592874
2573301
2549835
2505021
2575739
2524829
2565330
2535867
2517479
2599528
2567566
2590006
2502205
2550966
2505160
2585459
2501852
2535442
2512914
2575431
2559110
2503058
2590000
2533596
2545909
2508510
2590682
2592466
2583496
2563343
2505989
2557709
2592990
2517012
2531916
2572326
2585766
2507303
2599935
2559098
2538538
2533458
2517691
2554366
2592556
2570691
2524456
2559784
2529167
2576625
2574023
2541540
2527086
2593617
2540617
2550010
2549786
2525609
2552688
2512870
2547051
2531232
2584574
2524773
2547882
2501177
2537008
2570755
2592158
2537924
2513393
2527906
2505050
2572948
2555608
2597137
2575067
2555852
2529453
2541618
2552209
2505347
2591305
2595136
2557169
2509539
2563895
2525351
2592557
2547067
2578334
2519096
2575433
2579934
2534881
2513241
2538751
2519841
2529309
2586787
2508867
2585263
2550873
2578533
2585846
2509968
2595093
2529999
2569058
2533224
2508742
2574282
2576338
2581100
2547501
2530805
2508700
2526084
2589521
2509144
2516442
2508935
2582617
2570340
2531294
2541033
2513677
2584917
2585430
2561847
2566412
2527452
2512705
2595142
2553732
2553248
2536771
2518014
2585343
2534673
2514421
2599413
2522387
2554446
2515014
2513282
2529774
2590045
2575510
2592457
2542455
2504230
2506739
2571820
2535612
2523881
2504624
2550667
2546795
2528009
2512222
2515122
2508158
2588674
2566848
2527296
2549366
2561846
2577574
2547061
2570798
2523700
2545900
2505436
2558520
2575399
2520222
2511479
2576794
2505346
2522470
2580614
2585079
2518321
2573286
2589321
2516263
2565477
2571821
2529427
2529411
2505449
2558315
2565129
2558652
2532094
2535589
2580861
2579304
2529608
2557631
2548606
2545768
2543053
2576741
2502517
2555407
2577812
2574462
2668770
2632859
2697992
2645174
2606527
2631348
2656400
2695696
2681395
2647232
2643584
2691062
2656386
2682201
2684681
2631615
2614744
2627743
2611337
2631257
2636658
2631983
2681858
2605642
2605285
2611749
2635119
2629236
2605295
2667216
2670198
2656438
2698268
2694797
2662206
2674264
2655348
2666070
2656388
2634452
2602200
2649663
2611742
2697649
2615336
2631359
2618575
2697944
2684903
2606737
2614979
2618228
2632865
2648029
2635233
2659238
2618604
2651094
2662764
2666404
2648399
2682336
2685202
2643090
2619751
2653460
2643742
2692433
2602448
2641961
2674649
2632864
2651208
2665527
2687968
2617233
2695728
2643061
2661267
2618882
2663845
2633201
2654133
2648940
2697454
2663892
2626510
2656471
2633334
2634367
2688970
2645588
2633020
2616638
2636153
2662232
2694441
2665053
2643458
2609923
2648390
2643439
2662790
2617554
2620591
2646797
2619384
2647040
2614986
2643349
2652670
2660041
2617432
2699619
2695252
2636356
2659239
2697990
2602845
2635846
2649185
2647613
2652153
2699459
2632132
2668468
2628945
2643845
2693757
2634049
2634086
2698673
2614058
2632419
2681535
2606308
2618670
2614807
2610328
2690283
2673398
2649425
2686505
2634050
2652358
2672561
2604434
2645129
2611544
2665945
2652662
2621902
2612616
2697611
2657887
2698937
2666759
2621276
2698461
2656465
2658353
2691076
2629514
2691075
2605681
2631060
2661302
2648187
2696792
2668874
2615111
2696588
2688744
2664428
2685875
2681401
2641001
2611594
2651976
2649806
2684174
2642464
2666175
2619417
2696547
2618468
2649597
2676804
2634245
2694537
2662299
2603880
2641257
2601929
2659832
2683128
2647076
2699464
2655945
2699620
2643176
2654148
2698470
2675163
2611833
2642232
2620479
2684566
2683314
2692383
2603900
2662648
2625112
2613555
2620688
2611029
2617405
2649186
2614167
2641248
2684636
2684635
2629753
2668346
2687210
2656292
2686835
2606486
2684683
2662331
2668156
2650952
2665680
2662734
2667912
2652088
2605426
2617562
2621444
2655270
2649831
2681475
2698720
2617300
2601932
2646557
2687356
2665894
2698185
2609571
2649357
2656582
2604136
2658159
2688505
2645260
2659890
2699799
2615663
2668800
2680947
2600242
2696696
2682473
2617235
2607139
2695846
2642023
2696375
2632837
2650464
2656287
2698572
2660261
2645172
2629950
2657316
2698606
2647811
2607376
2681579
2689555
2620355
2632631
2646354
2695213
2651781
2641320
2618002
2642467
2617345
2614131
2661337
2656804
2699456
2611520
2682599
2606245
2614754
2699531
2650476
2611707
2641797
2658785
2605806
2666580
2643208
2614962
2657944
2656054
2655114
2668976
2617201
2621137
2606499
2662478
2692516
2648317
2653624
2661417
2664287
2611336
2665054
2682247
2690519
2690464
2695877
2648522
2605595
2696430
2631930
2688852
2695443
2611011
2618035
2620357
2617422
2619159
2653538
2615341
2699280
2630880
2681644
2646115
2617430
2668566
2633722
2615034
2663931
2618345
2656256
2660211
2684283
2614165
2620469
2687106
2643068
2652663
2670231
2629671
2646100
2600785
2650588
2656190
2647899
2692643
2675111
2620154
2670205
2647903
2609887
2630514
2652073
2614265
2617069
2627896
2666232
2698137
2659835
2656785
2616497
2696714
2666624
2634530
2657583
2665659
2614835
2659321
2675491
2601811
2659565
2696183
2619381
2668293
2623074
2648514
2669435
2649319
2600243
2686995
2686697
2651915
2617230
2699656
2629952
2690507
2697706
2641517
2682251
2649489
2688371
2659388
2661626
2603734
2616639
2632105
2658446
2666443
2659080
2662531
2622324
2616510
2614326
2695717
2685504
2670226
2679882
2688916
2630753
2696484
2692367
2665130
2652104
2650153
2621227
2688023
2656379
2684642
2656524
2662231
2668154
2602724
2662227
2606354
2681129
2661032
2634051
2662464
2614891
2683877
2654386
2682735
2690215
2651917
2688708
2636669
2607104
2660945
2613840
2620130
2660021
2668691
2641315
2653984
2602367
2667947
2647439
2613975
2616659
2612070
2692990
2611010
2629900
2667849
2699570
2630935
2614765
2633658
2612407
2656056
2659285
2636653
2692296
2606001
2661496
2652666
2649952
2656759
2666490
2687206
2617431
2623232
2688438
2697289
2665109
2687450
2600850
2692462
2648209
2668006
2647440
2616228
2682187
2686561
2630512
2606047
2697481
2606182
2620217
2661797
2649356
2626274
2690889
2628213
2654125
2600439
2616622
2655319
2659144
2666660
2633886
2690514
2629805
2691060
2643555
2664429
2660896
2689746
2609917
2656838
2609716
2659553
2692357
2665893
2626658
2657981
2689796
2645788
2620465
2650188
2692424
2614186
2603025
2606262
2663274
2645395
2665985
2687478
2684523
2697143
2666060
2690926
2655057
2603069
2651988
2616498
2614746
2654404
2691063
2652806
2634844
2631163
2661448
2616786
2619492
2665131
2606337
2654946
2667961
2654970
2687467
2631347
2604999
2687441
2677141
2606066
2633975
2751885
2776285
2742256
2766115
2751508
2729089
2799742
2759609
2762163
2779564
2759814
2750696
2756269
2769011
2766099
2720345
2773060
2799255
2729103
2776343
2780187
2779661
2708381
2735843
2774004
2798789
2708103
2733396
2765786
2701314
2719544
2793791
2780550
2793388
2746323
2787586
2798072
2732688
2799717
2763431
2770318
2789851
2717273
2706385
2756825
2774759
2724772
2707686
2753479
2758036
2733394
2737894
2778542
2744140
2706550
2776254
2740396
2733831
2782764
2727740
2787139
2731330
2735527
2764756
2751398
2725252
2756665
2779668
2774018
2797515
2708754
2732741
2730462
2743050
2734850
2759330
2727640
2755927
2788509
2752656
2735585
2786766
2728491
2706038
2774198
2788563
2713770
2731848
2734547
2713321
2757669
2728756
2778492
2731474
2701406
2733402
2788483
2772938
2724638
2761391
2729877
2728271
2721479
2718162
2706511
2720685
2774181
2754613
2731451
2720929
2793423
2732094
2707959
2703533
2722902
2766551
2710900
2775368
2720433
2704390
2778113
2777847
2720647
2779431
2749280
2733947
2768203
2776201
2722488
2727566
2782046
2716368
2784856
2780558
2708314
2751462
2772289
2729325
2777841
2793337
2754129
2713453
2785052
2774781
2776584
2724172
2746054
2751884
2774199
2732078
2740158
2748781
2750374
2726156
2769248
2755519
2769412
2742734
2788536
2792683
2737201
2782937
2700808
2747988
2730322
2792222
2737244
2707856
2757234
2719455
2702067
2712162
2761339
2701877
2774137
2708268
2779659
2740110
2705848
2705082
2751964
2727017
2785053
2706849
2734136
2793050
2732702
2735669
2790013
2715557
2763214
2785443
2733944
2750538
2748734
2784539
2720892
2701760
2779664
2703458
2702066
2713884
2731478
2728840
2757452
2725926
2777444
2771367
2782642
2725883
2788372
2790301
2750189
2738306
2760336
2702963
2746051
2732125
2779369
2733830
2748974
2706540
2709754
2767312
2779350
2726321
2799232
2776278
2784525
2711238
2712930
2761064
2723155
2722796
2784100
2775245
2748978
2717503
2781209
2738628
2708807
2749124
2758196
2750371
2762137
2734900
2751912
2779508
2723958
2708160
2729662
2779670
2750971
2719974
2743709
2717665
2703354
2765269
2752876
2769110
2763278
2747453
2757765
2763764
2709741
2704611
2765524
2765140
2738352
2734831
2730559
2766187
2745376
2769419
2782891
2788697
2729143
2774283
2780120
2719521
2729870
2727062
2773717
2751967
2765783
2740189
2755071
2779352
2773255
2764255
2741893
2732143
2721574
2741594
2767306
2781151
2774280
2721311
2702632
2737515
2728479
2706513
2750178
2751886
2754213
2717202
2717469
2780085
2777872
2766703
2710617
2737914
2757486
2746053
2776929
2737481
2760139
2715610
2750686
2749796
2799755
2735704
2751747
2764654
2720161
2708814
2786327
2758353
2779649
2743601
2731239
2721029
2743046
2769324
2761093
2717601
2772789
2792348
2785357
2760619
2777020
2769344
2767917
2773250
2773061
2794043
2713446
2777467
2757939
2730388
2752823
2785635
2785350
2789781
2747438
2721370
2793711
2715627
2764345
2740152
2778147
2768688
2787130
2759633
2711501
2794049
2712657
2717987
2799038
2731254
2713256
2782907
2765760
2779170
2793982
2703407
2748284
2722697
2700694
2706826
2786308
2705077
2700774
2715558
2709028
2771941
2713167
2723840
2700117
2733487
2778632
2793762
2731850
2730333
2742107
2712089
2711350
2733331
2760367
2733307
2760051
2748919
2787497
2755878
2738479
2785169
2750507
2794886
2746038
2748836
2758191
2789539
2740920
2701700
2735313
2747848
2774152
2704667
2784965
2751966
2721493
2730424
2777398
2760501
2749015
2738760
2717117
2789774
2794031
2779654
2762597
2749563
2726218
2731603
2776911
2748733
2703359
2720932
2779803
2761693
2774200
2733404
2787591
2759654
2793769
2785221
2720427
2734711
2718128
2762709
2759912
2724938
2738752
2705430
2757225
2776248
2733419
2755734
2786871
2760866
2746759
2712825
2751615
2764565
2767287
2777211
2768909
2760755
2750695
2764394
2728654
2798764
2756428
2741531
2771940
2718411
2794036
2716496
2748942
2782403
2726853
2733376
2706367
2733341
2740324
2771942
2703435
2710146
2716362
2750800
2755750
2709697
2779475
2774903
2766054
2784548
2772063
2770397
2759978
2767387
2741299
2730370
2725417
2764256
2738295
2708125
2757912
2757530
2731851
2712933
2717519
2726446
2759017
2757446
2718799
2717834
2710018
2785080
2709927
2708243
2739259
2766345
2789856
2797664
2786959
2762450
2757545
2740856
2734107
2709370
2754614
2708813
2762099
2752605
2702756
2720587
2717636
2774788
2780555
2700987
2738301
2784993
2721754
2794218
2724367
2768215
2791394
2708815
2720361
2732725
2767133
2748180
2793131
2750782
2706906
2779550
2733403
2785093
2758291
2774727
2738302
2776731
2741892
2727745
2776351
2793699
2701361
2780533
2767945
2762722
2716192
2799829
2721309
2781081
2793573
2707935
2772240
2715559
2798959
2756254
2709999
2714490
2703041
2725934
2792724
2703059
2759346
2703239
2747470
2720648
2755090
2742408
2731189
2738681
2738291
2784744
2709919
2773691
2708060
2774151
2760142
2742137
2759667
2750418
2788677
2743686
2734656
2774139
2744447
2789836
2787590
2793677
2715555
2774819
2700691
2787133
2761740
2779653
2765509
2742629
2774649
2776037
2748377
2750114
2715964
2785541
2705679
2715451
2701146
2740601
2743426
2752888
2727414
2740135
2701759
2780912
2794502
2714084
2748933
2760040
2758988
2773730
2732558
2763435
2787810
2724319
2743114
2732211
2713727
2710509
2730604
2765395
2745030
2726841
2781568
2733825
2748362
2771180
2779769
2733943
2731185
2759976
2793619
2761846
2778395
2756903
2725240
2766372
2775882
2759674
2774789
2779122
2731252
2789704
2764746
2732503
2744149
2706102
2719439
2759742
2768253
2701615
2747895
2706009
2782830
2772180
2748789
2733400
2794035
2707254
2764751
2769384
2748885
2765111
2769831
2724637
2723332
2790130
2793342
2773634
2784727
2719316
2778841
2740053
2764567
2758474
2700994
2797835
2760566
2734639
2718444
2711202
2702134
2786787
2733408
2722411
2707629
2730423
2796106
2734430
2743105
2767132
2778471
2706879
2739496
2766840
2790741
2750388
2803011
2859548
2891594
2832543
2841013
2853483
2865342
2883909
2896464
2856378
2833093
2872766
2871919
2839845
2809899
2883437
2881184
2821262
2816409
2855891
2800969
2820851
2852766
2888199
2851932
2887662
2857930
2807888
2802500
2846156
2811883
2895291
2848417
2826411
2816285
2882378
2805428
2882076
2816453
2848516
2868660
2890326
2846219
2868139
2897132
2881421
2837753
2883427
2871460
2813424
2849370
2839168
2852759
2882945
2802967
2863611
2854355
2807683
2836952
2833055
2894194
2818553
2812446
2882163
2844093
2817749
2844691
2886784
2895712
2809083
2834403
2842152
2800776
2859130
2800995
2803950
2847957
2846216
2839182
2813582
2812253
2842108
2877038
2815375
2863990
2834442
2883521
2838624
2820983
2827461
2844004
2879054
2889797
2800015
2803078
2802496
2869870
2893819
2814098
2872474
2887155
2810264
2807363
2871333
2869633
2814814
2812364
2883176
2811614
2858969
2830799
2865415
2825765
2886544
2855115
2849841
2896569
2862728
2852250
2816175
2809147
2844912
2807113
2878224
2820293
2817578
2851849
2852832
2876599
2814496
2846057
2831105
2843181
2870958
2876374
2821463
2870753
2896408
2800396
2805361
2871189
2870106
2841612
2822316
2804750
2856403
2811146
2804206
2858325
2846361
2867835
2804229
2803189
2801525
2819589
2896147
2875366
2863937
2848370
2835139
2842619
2819628
2866812
2886411
2868283
2861401
2813195
2807067
2863105
2819780
2862573
2831961
2848966
2865974
2869182
2895961
2885133
2819742
2806104
2855124
2806652
2860194
2897584
2876637
2868049
2866456
2898521
2852108
2808690
2811682
2866231
2861434
2806858
2879461
2871493
2818440
2801504
2800948
2821244
2880699
2888262
2823721
2839593
2819735
2867424
2801700
2835394
2857626
2863885
2895525
2863855
2809833
2856033
2805440
2846332
2896224
2890041
2862741
2833550
2843852
2855710
2849194
2835224
2887140
2801359
2886413
2819930
2884722
2819070
2835067
2841003
2834611
2897455
2851471
2835280
2814956
2818576
2857744
2812270
2833353
2830580
2805236
2801071
2894073
2885904
2870453
2875467
2838556
2895574
2833976
2869694
2888088
2801347
2817810
2808074
2801799
2892913
2896450
2839068
2803759
2864531
2822484
2857271
2865621
2865649
2885347
2811359
2872858
2863240
2871457
2885622
2820179
2844729
2896707
2804943
2854840
2834662
2872122
2880344
2899198
2856702
2888400
2855066
2866939
2825868
2807971
2820042
2872662
2885393
2804015
2851912
2884914
2868479
2803702
2863647
2844168
2884973
2856382
2813092
2815643
2812834
2888121
2852760
2858634
2806376
2896676
2892383
2886414
2863290
2809651
2807414
2868270
2827884
2881048
2885172
2808072
2888217
2884573
2837247
2865979
2852492
2883376
2806483
2828629
2832231
2868617
2862362
2885515
2852418
2815151
2881809
2842650
2840902
2862633
2843237
2846289
2852196
2802910
2866308
2838709
2893425
2858982
2822323
2862499
2843575
2847143
2830587
2868602
2807110
2883820
2813097
2869841
2835342
2851616
2855122
2816728
2882045
2819000
2856058
2879606
2843229
2866918
2807568
2886951
2837298
2863856
2888224
2813955
2845896
2861523
2831055
2885812
2805572
2836815
2803112
2859806
2839190
2841706
2871826
2884493
2809736
2868857
2806389
2872607
2859058
2852042
2805340
2835210
2812145
2891546
2836244
2844095
2807572
2892551
2847769
2869203
2873687
2831541
2845390
2807930
2849055
2826771
2805623
2863880
2850742
2818540
2822303
2867431
2804019
2800045
2837378
2870022
2847190
2816303
2805084
2804076
2834815
2821578
2846261
2809399
2856384
2871566
2863864
2878005
2833147
2821940
2808493
2887825
2856091
2837763
2870149
2823794
2884689
2833111
2844060
2861328
2806119
2832174
2837752
2838005
2848936
2803731
2849142
2856066
2832642
2862443
2807429
2851870
2863841
2836796
2870486
2806651
2852428
2895830
2817441
2862447
2829367
2832072
2844692
2891221
2879293
2871911
2895290
2824793
2870206
2877637
2893132
2866476
2823640
2899491
2894061
2825519
2811125
2867423
2844120
2890101
2824298
2809974
2804986
2866511
2815771
2843397
2803413
2865730
2886628
2880323
2809652
2811756
2809712
2864422
2880905
2885424
2841962
2816137
2832473
2822325
2869174
2808135
2824672
2807443
2808049
2884744
2850769
2843460
2854104
2810236
2817264
2807925
2841533
2820137
2848312
2861193
2887824
2809006
2812397
2811952
2890150
2854478
2814418
2878336
2815743
2860066
2825464
2826314
2816913
2824566
2817410
2813394
2883238
2806929
2878622
2859425
2803431
2886487
2800300
2805144
2826142
2872667
2844935
2807954
2861422
2808587
2805615
2839639
2835182
2863897
2865199
2824165
2820453
2831104
2807459
2823362
2807953
2807807
2846278
2882022
2867674
2884593
2853187
2807536
2884678
2801299
2874059
2863303
2896678
2836309
2862094
2819734
2867707
2835389
2829991
2811693
2838566
2895348
2879530
2828062
2887017
2801357
2885493
2860650
2874446
2817616
2876248
2838402
2844789
2856421
2847481
2847197
2804302
2809976
2853804
2858358
2841532
2886243
2810221
2886745
2821780
2851911
2838066
2884017
2843239
2860034
2856368
2803732
2871955
2892277
2815514
2895576
2883375
2883025
2857093
2869248
2883849
2894313
2840981
2804301
2890129
2813504
2852253
2889608
2890734
2827879
2883394
2808058
2832808
2899755
2860324
2839971
2890475
2860761
2861489
2822518
2887406
2846222
2861470
2835838
2862475
2883432
2807931
2897457
2848766
2841608
2823588
2884494
2806482
2861789
2802060
2801726
2869119
2840959
2886046
2830480
2817823
2818528
2884986
2860292
2885869
2808620
2896741
2898210
2863551
2823761
2821813
2889879
2836046
2889811
2812760
2815238
2849229
2845618
2812483
2804942
2864089
2881065
2860407
2857741
2870761
2844053
2858868
2891704
2823686
2827303
2802839
2850205
2807635
2850720
2849562
2871916
2836786
2829748
2826760
2813520
2822903
2844157
2861738
2887236
2869048
2809754
2878359
2866771
2889540
2854201
2842540
2862710
2884249
2852751
2868330
2920310
2928493
2911909
2923761
2975615
2927579
2943352
2946090
2916837
2992826
2913352
2932524
2910894
2950008
2973666
2904343
2959893
2974019
2930060
2994905
2953880
2961308
2968278
2979355
2962953
2900116
2920187
2962478
2998297
2994305
2966566
2936921
2901928
2986925
2966273
2999651
2967616
2912636
2989673
2939038
2950183
2991425
2949817
2933010
2987095
2999337
2967611
2976936
2941296
2957499
2948339
2977530
2979768
2994378
2945680
2967426
2984271
2909619
2985016
2985672
2962880
2910121
2992507
2959584
2943096
2970727
2944823
2905332
2968440
2999712
2965785
2984056
2907893
2960197
2950198
2922091
2934452
2941946
2924204
2997663
2951927
2924839
2969982
2996294
2912203
2949108
2952159
2976648
2985246
2998361
2981005
2923656
2991501
2985648
2906770
2990260
2989901
2936932
2995999
2992755
2993480
2997852
2924255
2956930
2925816
2991245
2985573
2933094
2912918
2922524
2987100
2933071
2940136
2927462
2960614
2951922
2924995
2902112
2951815
2917829
2948028
2960689
2906486
2994728
2976189
2978443
2911724
2979754
2956116
2948600
2924183
2925915
2938748
2960391
2963382
2978636
2991744
2904761
2971893
2999471
2937679
2976869
2992942
2980189
2923092
2905471
2985615
2961193
2923024
2902622
2977524
2914266
2967455
2985141
2991464
2995032
2925523
2999525
2980945
2938701
2944825
2924312
2957848
2936255
2945586
2967853
2984966
2956950
2929656
2922832
2960733
2956524
2962623
2960736
2956167
2988618
2930043
2910805
2956361
2956826
2907262
2940527
2930134
2978600
2947838
2930029
2907821
2977672
2926000
2977521
2941518
2932905
2954276
2946206
2991493
2931321
2978177
2936187
2981765
2900852
2977140
2949992
2949070
2956829
2966374
2977217
2917041
2984957
2992956
2967724
2995852
2926247
2947577
2927826
2957696
2987457
2903344
2977287
2983732
2962481
2985688
2984465
2948448
2901840
2997615
2978897
2939248
2960929
2930935
2996313
2977025
2948681
2998998
2957531
2951347
2961689
2991780
2929864
2935168
2992141
2964803
2960012
2999071
2997878
2934399
2912389
2926207
2967779
2939187
2988554
2914542
2928357
2956164
2942084
2936138
2960700
2930161
2989545
2979770
2933496
2910284
2991885
2989371
2981764
2942158
2998178
2922593
2952482
2921407
2998606
2940335
2941945
2980209
2923179
2986421
2966120
2940581
2992903
2925810
2954097
2909732
2987110
2978132
2972206
2969697
2937962
2967852
2939069
2954381
2963326
2963479
2985635
2953403
2926073
2929512
2926042
2950466
2943746
2948338
2957001
2996560
2905410
2953601
2987434
2951333
2946316
2985568
2986089
2960051
2927723
2940198
2995316
2913784
2996336
2948337
2983878
2933810
2977658
2940200
2949838
2992250
2905772
2977655
2925916
2977418
2999743
2956325
2974631
2992433
2906745
2974189
2995062
2978444
2997533
2950207
2996592
2978399
2952092
2978431
2959713
2972294
2966129
2940618
2955257
2909616
2967168
2942034
2924347
2956259
2940238
2970633
2912599
2968905
2962721
2987903
2985586
2997783
2932229
2994839
2979714
2954592
2901184
2920108
2956999
2999452
2953132
2914105
2979578
2936990
2981773
2901416
2933606
2970586
2929103
2904366
2947204
2942422
2987048
2993393
2933022
2991907
2994468
2999200
2925882
2970372
2996657
2969511
2997285
2941914
2977525
2922501
2960610
2981751
2946488
2977444
2949752
2961057
2999474
2999648
2963298
2992223
2972205
2966611
2938771
2986385
2952461
2970960
2941788
2987145
2999617
2925025
2975387
2994034
2942234
2952102
2977551
2939039
2938240
2944034
2937230
2994655
2929980
2916357
2951558
2932791
2912880
2949074
2919281
2933512
2903607
2988847
2902011
2978440
2951192
2959315
2958452
2965424
2970403
2961171
2923648
2971454
2999732
2927756
2986461
2987607
2984865
2933427
2997586
2957251
2981357
2901522
2923727
2975165
2978255
2927885
2968687
2970553
2956555
2976942
2951473
2939316
2963275
2920114
2981735
2956515
2932721
2955286
2935152
2924650
2933836
2930015
2957397
2905993
2998309
2941193
2911809
2938460
2989712
2902667
2963419
2914455
2988009
2951947
2961265
2953504
2923961
2969122
2963297
2937388
2944378
2988821
2960001
2971604
2986980
2916885
2948335
2962889
2927270
2957015
2923390
2936286
2921570
2967464
2956204
2962480
2981264
2977507
2961216
2908889
2984058
2922917
2942062
2953651
2961417
2988457
2998332
2968636
2923749
2955201
2929637
2956339
2903221
2999844
3060298
3052313
3032220
3070891
3001183
3089772
3035930
3029499
3028053
3016589
3024602
3015477
3076168
3058761
3084725
3018450
3080284
3015580
3022920
3097166
3028274
3087165
3087483
3065506
3092823
3043025
3021439
3038782
3056600
3061313
3055456
3002997
3027961
3043931
3028731
3062783
3037877
3004005
3022596
3049892
3022925
3089261
3054290
3071385
3059616
3056181
3015531
3014000
3038157
3060266
3083203
3008631
3089098
3064449
3024632
3095585
3094357
3035334
3084967
3009270
3056675
3026834
3032209
3012096
3054258
3089623
3033084
3038427
3021425
3024971
3067983
3096061
3030129
3096882
3096478
3099265
3069460
3021620
3096268
3007484
3000087
3008038
3008956
3037423
3084875
3031479
3031966
3085677
3015579
3020965
3034062
3085213
3028696
3021871
3098816
3091071
3016843
3015917
3087569
3084159
3005318
3037268
3084417
3010083
3039964
3020694
3036275
3038102
3072698
3099594
3031884
3026402
3075385
3098337
3021992
3011355
3007974
3006986
3053696
3021533
3077519
3036258
3005708
3015680
3004403
3028459
3039900
3009243
3011004
3068057
3064927
3057180
3002733
3056882
3021564
3038820
3084912
3002680
3039918
3058606
3044304
3017431
3052168
3051922
3067228
3038879
3035734
3039885
3087092
3049359
3002729
3096439
3080850
3050649
3074514
3035642
3092884
3087164
3097662
3087008
3097747
3023006
3075328
3027092
3015174
3059312
3039957
3022393
3017653
3049677
3088859
3056741
3081647
3057241
3096262
3090830
3035299
3095822
3020159
3075725
3021916
3028123
3091015
3011965
3050886
3070872
3020169
3087717
3024581
3049711
3037582
3090853
3058267
3070344
3030252
3031978
3080794
3008771
3004833
3095780
3067101
3098502
3053176
3034044
3090508
3001335
3015575
3035893
3021572
3078007
3039142
3052281
3097095
3043743
3081254
3065508
3022987
3008192
3080837
3005519
3033865
3096286
3065594
3038764
3002539
3098833
3058573
3035304
3021239
3058465
3095177
3088981
3028990
3087427
3093214
3028269
3047362
3004477
3058925
3060129
3033264
3082225
3047017
3031836
3031193
3024645
3069623
3096678
3034045
3026456
3035180
3094507
3010958
3080515
3088988
3037370
3075953
3080409
3032635
3005690
3057156
3056188
3075205
3028058
3054580
3076196
3003843
3029338
3011362
3059052
3028736
3046949
3004112
3083458
3056674
3059277
3020719
3053919
3041251
3014796
3056603
3055242
3015566
3097009
3093031
3019046
3028688
3024248
3029407
3015940
3048422
3012417
3097372
3007234
3027790
3090812
3070345
3026404
3056167
3059461
3054203
3022183
3001892
3036696
3045824
3052271
3087166
3021717
3088990
3081430
3054136
3082195
3067832
3014665
3028791
3012326
3029493
3002550
3066796
3007424
3068130
3026429
3037329
3099040
3049452
3062467
3036257
3013064
3064669
3029245
3005794
3028268
3007485
3045556
3058486
3091755
3066802
3067730
3096127
3065284
3045429
3028550
3024766
3050477
3069628
3036134
3017488
3098465
3028455
3035313
3053200
3012988
3057498
3065875
3022396
3072350
3030839
3075830
3094519
3003717
3066654
3075987
3067106
3022865
3089071
3061766
3049548
3008367
3002029
3014364
3015569
3056766
3064126
3037664
3061970
3038677
3001998
3021865
3054626
3091602
3079598
3003215
3042287
3033719
3029141
3089070
3068974
3012002
3018545
3037841
3021076
3053168
3007187
3013061
3069894
3052741
3084304
3049412
3092509
3043591
3036689
3095199
3055387
3074636
3008563
3011079
3030127
3045106
3084683
3036701
3056618
3003022
3047294
3089177
3061696
3070998
3038887
3060481
3064069
3084639
3084949
3035111
3015272
3028632
3062270
3075173
3081779
3061676
3067529
3053638
3027672
3031065
3031611
3017437
3010791
3086060
3056182
3046108
3002728
3036232
3085713
3018140
3075221
3046904
3050179
3047319
3036062
3076885
3099532
3028162
3053923
3081335
3025392
3066998
3063332
3020748
3081695
3088958
3035230
3056495
3058543
3052269
3060265
3058515
3028744
3084187
3096597
3088488
3064941
3091128
3087669
3014774
3067879
3052553
3086009
3044787
3097922
3064889
3092883
3039817
3064514
3029069
3078484
3035014
3008635
3010998
3004735
3083909
3065557
3068003
3000097
3080397
3032335
3031981
3064027
3057043
3058458
3021977
3049632
3045029
3005785
3035173
3068028
3027962
3055008
3009227
3054844
3092483
3091457
3099849
3098364
3005535
3053293
3028634
3014449
3028030
3063923
3053207
3032153
3024866
3005300
3066875
3021986
3087232
3033675
3002817
3066457
3069407
3075721
3044753
3012965
3057587
3028855
3061320
3093383
3081771
3095289
3058198
3035289
3020964
3054228
3053869
3050524
3079740
3012624
3085923
3086705
3013039
3077700
3037281
3005815
3025262
3056617
3015276
3056499
3092443
3039898
3014448
3090695
3045323
3089502
3075930
3047014
3045105
3064591
3021052
3080842
3042446
3095603
3046746
3019652
3065319
3084991
3049147
3082674
3086985
3048520
3097869
3008588
3029232
3024642
3082099
3041958
3019886
3018245
3057041
3091845
3032517
3043878
3066717
3085029
3063641
3048981
3093475
3075724
3032433
3031320
3053805
3020046
3045299
3058770
3037891
3013639
3083521
3017645
3052463
3099651
3035291
3009143
3039734
3021975
3060193
3101717
3164514
3147316
3191809
3137173
3120138
3135539
3125531
3188632
3157296
3124721
3117336
3178472
3111309
3141888
3170986
3171928
3154008
3174241
3158829
3191523
3160607
3121367
3111708
3101547
3178028
3118621
3121026
3147306
3106027
3122428
3188725
3154787
3147606
3165401
3151041
3121499
3123770
3163729
3188299
3132410
3115724
3139932
3187955
3180489
3184622
3118083
3130385
3120109
3127879
3192788
3138824
3195032
3139007
3115169
3108039
3122423
3105756
3195489
3105080
3165037
3118287
3168590
3100793
3198397
3123771
3180852
3191406
3193218
3144031
3157256
3139452
3126398
3106040
3155345
3164068
3139501
3161836
3131119
3196975
3179285
3172616
3123312
3162461
3142603
3172628
3139602
3103253
3115154
3189012
3130256
3192919
3117014
3124702
3169399
3180863
3137121
3124729
3163722
3170999
3189046
3158084
3170270
3194302
3114776
3152255
3118828
3186982
3101663
3151106
3128782
3139823
3199871
3115088
3101530
3168850
3120068
3180926
3176357
3191116
3176295
3176644
3180062
3162572
3198540
3174488
3123309
3189040
3125326
3140349
3169583
3152152
3199055
3176920
3105610
3122376
3135535
3120252
3171925
3164053
3114699
3164216
3105074
3179825
3179550
3176900
3157290
3110461
3137147
3169635
3173232
3162840
3183360
3152644
3167996
3105780
3145275
3137274
3196678
3141821
3195910
3183982
3198549
3186659
3148832
3112672
3144034
3143786
3164582
3183104
3163995
3118449
3176762
3142384
3166885
3131855
3168322
3107152
3154978
3130189
3193838
3105081
3110858
3122714
3171902
3134949
3114503
3176363
3182241
3170277
3161633
3188591
3162987
3132428
3103261
3168605
3116456
3139603
3148238
3197587
3122227
3196688
3164848
3194819
3177759
3158275
3151569
3181266
3106877
3144012
3171915
3174590
3133595
3154286
3126621
3165338
3118082
3191599
3182835
3194803
3111740
3115378
3109293
3196977
3199791
3169426
3135035
3156675
3106231
3170266
3148825
3103057
3129619
3162988
3164605
3115733
3195281
3158505
3184664
3174808
3110109
3148750
3124398
3108089
3140252
3158819
3172620
3178388
3112375
3179546
3188230
3196224
3165505
3189783
3130384
3176324
3191081
3180395
3198717
3120099
3120617
3180879
3158377
3126814
3129617
3130540
3179556
3158269
3165027
3166869
3154715
3178806
3175244
3156953
3140328
3191822
3184770
3147282
3162090
3167439
3117428
3175125
3179456
3188631
3148881
3124739
3190757
3118929
3159496
3157311
3125518
3145998
3159975
3154853
3124727
3165297
3165339
3185997
3195849
3170129
3154247
3164023
3180609
3180766
3110360
3196979
3169430
3164130
3181766
3168990
3183125
3186048
3152160
3109099
3187911
3171731
3187749
3139494
3159917
3186932
3147356
3136067
3185965
3148965
3113297
3111801
3181239
3136187
3123755
3150103
3178119
3170001
3130378
3111088
3100497
3191844
3127112
3112527
3129231
3126360
3182845
3162986
3112159
3167924
3137583
3106883
3189670
3175544
3139080
3103604
3123129
3180881
3127094
3116248
3173696
3155748
3198693
3118509
3153687
3183844
3131648
3119478
3176297
3162521
3124886
3103471
3181422
3110438
3144378
3176296
3176409
3108112
3152763
3189044
3189103
3179552
3163395
3129982
3154935
3103415
3100768
3123316
3187659
3188977
3105413
3147481
3188268
3174841
3174738
3180604
3105072
3155261
3140119
3111933
3188179
3154756
3187319
3137116
3181849
3117131
3129611
3113589
3126711
3111196
3147517
3198754
3108466
3118517
3178801
3143783
3106292
3151662
3184768
3162031
3139872
3179751
3126371
3128715
3138699
3153388
3161248
3185721
3130933
3174663
3158408
3197260
3124017
3129609
3179211
3192703
3139444
3180631
3134045
3105052
3113424
3175087
3172284
3163036
3182454
3105599
3176374
3147541
3164788
3155826
3117016
3181850
3131339
3109780
3113958
3134036
3129613
3123695
3159331
3110460
3192717
3141309
3122126
3164206
3160471
3105446
3138031
3109236
3103224
3180878
3112798
3161557
3143551
3110766
3171722
3128724
3186707
3155163
3118217
3121715
3128454
3135546
3162184
3198330
3140031
3105077
3159127
3161838
3149893
3116053
3123133
3138924
3180810
3123268
3143681
3114698
3115307
3182784
3113987
3155476
3179243
3144253
3147148
3137469
3158733
3176422
3132394
3126303
3158732
3119028
3179237
3164809
3137982
3171994
3109230
3166317
3103340
3139432
3128937
3124837
3129622
3110086
3175000
3155798
3142599
3154607
3187539
3180330
3122724
3134930
3123131
3156441
3182958
3177123
3169825
3175676
3184751
3134041
3164624
3131681
3153119
3170801
3141164
3179290
3125547
3130380
3196840
3192643
3191799
3159983
3182989
3179596
3144414
3182066
3166979
3117343
3182249
3186553
3101064
3172774
3109268
3169729
3180350
3187111
3100621
3123306
3182041
3144394
3188071
3191841
3177047
3112513
3129615
3189595
3111528
3163776
3152115
3162691
3153993
3134153
3112959
3134416
3170257
3118076
3127481
3159688
3164024
3162989
3194675
3187063
3158972
3146037
3192916
3158831
3124596
3181696
3176907
3124836
3177826
3156520
3118779
3158433
3182177
3134734
3173272
3116168
3194311
3158977
3170160
3183203
3134315
3144146
3164696
3188839
3169026
3155021
3145997
3164633
3158282
3101691
3111917
3146420
3196399
3189352
3170265
3105154
3148599
3188405
3130093
3105075
3108356
3108969
3182758
3164386
3124279
3104280
3104643
3146038
3188342
3193209
3181345
3123124
3148831
3167161
3138657
3169427
3267293
3273816
3275940
3271535
3268048
3267944
3202358
3239011
3249209
3287047
3244267
3208500
3220496
3258021
3242718
3298854
3253664
3201970
3291006
3272311
3236835
3290052
3236980
3269735
3235059
3293131
3242926
3289176
3233061
3222137
3293854
3255217
3217340
3235364
3284569
3296378
3281217
3280578
3261406
3290946
3218871
3276181
3252801
3289330
3209407
3297151
3252418
3227749
3222554
3248807
3299640
3242562
3239115
3256770
3291152
3256674
3225546
3235072
3261683
3240127
3227360
3261617
3259633
3276134
3249442
3280547
3236860
3254222
3225115
3220039
3299984
3213961
3256764
3255249
3202000
3229674
3295598
3262815
3234458
3259500
3210448
3289587
3259632
3266435
3299911
3262595
3253967
3228099
3240425
3215504
3232757
3202910
3262931
3226620
3290683
3291503
3202305
3280972
3289033
3236356
3224398
3215934
3277525
3210806
3240309
3279243
3278996
3216685
3206503
3275693
3275139
3232651
3215406
3255788
3274321
3264652
3262523
3209650
3229123
3270071
3216684
3294711
3221323
3243492
3263015
3209801
3248645
3253459
3231723
3240864
3225898
3227756
3214110
3237565
3275502
3272076
3285052
3276612
3203326
3240134
3290435
3292344
3278246
3225769
3217366
3213204
3271918
3261005
3290060
3278813
3252113
3216497
3206502
3228081
3267825
3231192
3292948
3294261
3278665
3256187
3233291
3201946
3278967
3283676
3283227
3274372
3286408
3203754
3236838
3239335
3244030
3252541
3255124
3200986
3254386
3289240
3265241
3221129
3201420
3270564
3261785
3262520
3217367
3274305
3248846
3244302
3282753
3229296
3253070
3229116
3220314
3234183
3237260
3221429
3289691
3254357
3261020
3245813
3286763
3298893
3215146
3284421
3232643
3254434
3270808
3289783
3241056
3264406
3201338
3294844
3255896
3216500
3200799
3275318
3240344
3283095
3202065
3278871
3292525
3268352
3210962
3289223
3222547
3224667
3201851
3229111
3270477
3228462
3244429
3215176
3232627
3208102
3260671
3243327
3234227
3203014
3203325
3298939
3230686
3244611
3277812
3298328
3261372
3210830
3260666
3262760
3228078
3268886
3239539
3255461
3264856
3265308
3266285
3283999
3292115
3206593
3279965
3204756
3242171
3261320
3278989
3272129
3293195
3233445
3213432
3265313
3293133
3208004
3262536
3259142
3231095
3239909
3291565
3245102
3283769
3290930
3269600
3291497
3201203
3279703
3219593
3285694
3240579
3260992
3248396
3278436
3240457
3247551
3214073
3282203
3236358
3296369
3299506
3237001
3298524
3264451
3253149
3202176
3257746
3299776
3236491
3258994
3223352
3295313
3220252
3251945
3254258
3238975
3223577
3266969
3277359
3254145
3209898
3252424
3223503
3240728
3253657
3270072
3206493
3252757
3221001
3252550
3241054
3251429
3252453
3240366
3227188
3228235
3259636
3209343
3273732
3241481
3260449
3223977
3266397
3221704
3289217
3227139
3208624
3277487
3215377
3211293
3250393
3253445
3224306
3271056
3249183
3209332
3201802
3274670
3249888
3282886
3261371
3242902
3223602
3240398
3263082
3298742
3253897
3202173
3228208
3229110
3212423
3206501
3234078
3214734
3245386
3281078
3202171
3244594
3280455
3228931
3243824
3249238
3219858
3250366
3267963
3264721
3296188
3287605
3279470
3287215
3273103
3216045
3289391
3234233
3216809
3290789
3274188
3284034
3256710
3280396
3267484
3255674
3295032
3270768
3264325
3207342
3213586
3272197
3207857
3235434
3291743
3256766
3228275
3202188
3249923
3207352
3257549
3228894
3237176
3215355
3240941
3221025
3281224
3267525
3221209
3279864
3283818
3297131
3291831
3232710
3294071
3265309
3223547
3299903
3207248
3262504
3233356
3268226
3211374
3220155
3271347
3292856
3296189
3242838
3244445
3236901
3212546
3291212
3224690
3283324
3269564
3230930
3207841
3277313
3263360
3294066
3278555
3265311
3282022
3242901
3291399
3260557
3296379
3266973
3227535
3201895
3265304
3201618
3249215
3273457
3299907
3254423
3248844
3230992
3202183
3223566
3240040
3269748
3219946
3278992
3251111
3240580
3259591
3263278
3227097
3213958
3276336
3273719
3239338
3226975
3284141
3262588
3264591
3259610
3230917
3284276
3244873
3209351
3268973
3201589
3215744
3290054
3294996
3289520
3287635
3221003
3255904
3216537
3288012
3269424
3203328
3224902
3262579
3221479
3244297
3285208
3209847
3262626
3222122
3201871
3217051
3289300
3251953
3256966
3247168
3234551
3258412
3261294
3257857
3222943
3292673
3220497
3261702
3251741
3256608
3254665
3249942
3270505
3220817
3292114
3224612
3228977
3240197
3252495
3266023
3241498
3269229
3227939
3299131
3289331
3210811
3299437
3242271
3223476
3213141
3226033
3293341
3289320
3299914
3268621
3251599
3225770
3207848
3262532
3280493
3270807
3220206
3284663
3233711
3272233
3263492
3223442
3212777
3236045
3240168
3209821
3241318
3241776
3263598
3256026
3239719
3219290
3249516
3200952
3249880
3249917
3203119
3221021
3242903
3259634
3235066
3247895
3203181
3234516
3235214
3222466
3272075
3264577
3263497
3252800
3244283
3254127
3231191
3296372
3284171
3279000
3277482
3263336
3249842
3233777
3249800
3248918
3284208
3263893
3262750
3240202
3278767
3250376
3202163
3273491
3204873
3231984
3262053
3262988
3284004
3249337
3281048
3218212
3271120
3295599
3263510
3215251
3282844
3236247
3229864
3218020
3223576
3203329
3285639
3260520
3291398
3221470
3246893
3250106
3248777
3261886
3296186
3261285
3205834
3262752
3262583
3203327
3283964
3221428
3262761
3230761
3241980
3229267
3239184
3248061
3214762
3266664
3255670
3207456
3249600
3242604
3295606
3243766
3274078
3214549
3299869
3290458
3208424
3280269
3217537
3262753
3222413
3263905
3294069
3237233
3200814
3251768
3264804
3244418
3238500
3271650
3275507
3269436
3227465
3227631
3205770
3273791
3278664
3294111
3250952
3210928
3271908
3224747
3263833
3263496
3211273
3289824
3287006
3261092
3233412
3270852
3255140
3259617
3280953
3241928
3234542
3203117
3276171
3232820
3265440
3294224
3204237
3233680
3293853
3242567
3245328
3243415
3244005
3262521
3299621
3267266
3235244
3257874
3214994
3206154
3232130
3279883
3253548
3205772
3283845
3249506
3203787
3233120
3248415
3248776
3265755
3240139
3307156
3352414
3335334
3353843
3364102
3336973
3361642
3327486
3375425
3350393
3315188
3318119
3391260
3399280
3357125
3377998
3321007
3311104
3340245
3396062
3388012
3385646
3352087
3359770
3353301
3313157
3318905
3358291
3380784
3363275
3317838
3355286
3359426
3399880
3328181
3351017
3370027
3371356
3337589
3358937
3308181
3351212
3345143
3385276
3398497
3326684
3320979
3370410
3354266
3389107
3347833
3330040
3360808
3335089
3323148
3396204
3370103
3315434
3397660
3362521
3393745
3322081
3330200
3332977
3342222
3393156
3341731
3356673
3380313
3386280
3327011
3335326
3365414
3348683
3359674
3359240
3365930
3346201
3316963
3370658
3344720
3313847
3301266
3360836
3310677
3373923
3319263
3394243
3392445
3373069
3347766
3313965
3375362
3340479
3309870
3310413
3385791
3393923
3330880
3331796
3393922
3305868
3315485
3313973
3328207
3361852
3302097
3365169
3336319
3343434
3312255
3360837
3350162
3337146
3359987
3339019
3382699
3341295
3396061
3365246
3311929
3305682
3316425
3341709
3315010
3392869
3394540
3344316
3317134
3358666
3329736
3395963
3326966
3379960
3321338
3364809
3357658
3316286
3353164
3358794
3312930
3329711
3301456
3345331
3361749
3314632
3328110
3328824
3307418
3384978
3395102
3333505
3365051
3311672
3332482
3377885
3361578
3369722
3321581
3354488
3352878
3368623
3353418
3329833
3328114
3358042
3324067
3326810
3397537
3352655
3352160
3328218
3345841
3377689
3385792
3379922
3334620
3325974
3341283
3364550
3324156
3307684
3335995
3365099
3356996
3396877
3362744
3372543
3396545
3372015
3343387
3313712
3364025
3395340
3376177
3319146
3363976
3369595
3386646
3326845
3333841
3354578
3336346
3369744
3392620
3323109
3333995
3322554
3366172
3398568
3381247
3368991
3305552
3380234
3326132
3382967
3372607
3387436
3385719
3372036
3343920
3343148
3396137
3393715
3350711
3371021
3377564
3330342
3351951
3361864
3306205
3305956
3377266
3300822
3318519
3398795
3357628
3342512
3374171
3356360
3340500
3335383
3326850
3377712
3331493
3356584
3339758
3345775
3314595
3382953
3384712
3337522
3397162
3325699
3308494
3363250
3353993
3345142
3319264
3333970
3317351
3316845
3328475
3303105
3373997
3327692
3385612
3393000
3343688
3348360
3305076
3346328
3379211
3376656
3352874
3395544
3369032
3370775
3336323
3305660
3304805
3373180
3346821
3337314
3341491
3374496
3339385
3373002
3318452
3370384
3345694
3353587
3327466
3374509
3354441
3328386
3304568
3386916
3302258
3318146
3344842
3356786
3335228
3373064
3333186
3328037
3391818
3380849
3307468
3311691
3365249
3313022
3334562
3350738
3347561
3325922
3301981
3359261
3369538
3333459
3346819
3327405
3395464
3383944
3387061
3376029
3341432
3339560
3360196
3386758
3324209
3369452
3307584
3332586
3380701
3311674
3378173
3328160
3398697
3357616
3383365
3316178
3391414
3382964
3351039
3343023
3352725
3370951
3343174
3369254
3338503
3360067
3355129
3306633
3380481
3318942
3365870
3369658
3349471
3348382
3330583
3366874
3348339
3353350
3394513
3315740
3388647
3382184
3393585
3318368
3361164
3319417
3392177
3314880
3313288
3350988
3329058
3306182
3355241
3359771
3354762
3369283
3387890
3309043
3377300
3364461
3329540
3387934
3358620
3387852
3316226
3352592
3353859
3352740
3347340
3393229
3346999
3393921
3355279
3307784
3355789
3310701
3305360
3373635
3310442
3358057
3334290
3300274
3313625
3338980
3367312
3305582
3353930
3317493
3382473
3314700
3369613
3338950
3303374
3331207
3305826
3388350
3355972
3317333
3358828
3335457
3376782
3351127
3311467
3304978
3352122
3396714
3311478
3330060
3351528
3376968
3398610
3387173
3335629
3321057
3309770
3309699
3329010
3378403
3381532
3369678
3329745
3358603
3304096
3389391
3365098
3377007
3305847
3331281
3352824
3335258
3370743
3338946
3372835
3341008
3398289
3329179
3355905
3383362
3390098
3341828
3385235
3377596
3382784
3325302
3343433
3341773
3380049
3371016
3389863
3362480
3313405
3361077
3301751
3302813
3330912
3382794
3395062
3386065
3332528
3347086
3386913
3336628
3361951
3387558
3342422
3380850
3362660
3312329
3319857
3392217
3306127
3363449
3378924
3364812
3327677
3397318
3323619
3310865
3333721
3322933
3360507
3395535
3332507
3381594
3352855
3355522
3341032
3343144
3367276
3393266
3361415
3345533
3388443
3324650
3310088
3395465
3395401
3383098
3323767
3384232
3304875
3341446
3314215
3392781
3387567
3343059
3382342
3357678
3351018
3354087
3355491
3317823
3354227
3376664
3389830
3338795
3322046
3373584
3359707
3313424
3346425
3342920
3348880
3313348
3355389
3379849
3387105
3345174
3307542
3326847
3306341
3354774
3381531
3380421
3392121
3302633
3399734
3348015
3326303
3396342
3356950
3331740
3383617
3322650
3349095
3341161
3397313
3305177
3360832
3388941
3356951
3335340
3348902
3343647
3352065
3356946
3361584
3346637
3385221
3342767
3399043
3369612
3385673
3354101
3398464
3302948
3348881
3375584
3351216
3324473
3349470
3352399
3313575
3353774
3346994
3359627
3313507
3383359
3337820
3320719
3325101
3375988
3340622
3308955
3308698
3332199
3334368
3393017
3355693
3363881
3333370
3378638
3392444
3324044
3337484
3386011
3374552
3314605
3371572
3391086
3390087
3392085
3349457
3393862
3307329
3347491
3357469
3319915
3386535
3377786
3376523
3309936
3334635
3391187
3337171
3399428
3340794
3305338
3349454
3352877
3384653
3365039
3320058
3316497
3326215
3326113
3351998
3328700
3371065
3370767
3397188
3310694
3326892
3341950
3374526
3308669
3306330
3352617
3319948
3360121
3356851
3315828
3374537
3365280
3309943
3353362
3314552
3366181
3362741
3345175
3319496
3399659
3352123
3325964
3370526
3340878
3325448
3354724
3305829
3315580
3384611
3336406
3356787
3380245
3305005
3365369
3387583
3354280
3361860
3380806
3390090
3381807
3331641
3362649
3301244
3366700
3312578
3396119
3342112
3326304
3319838
3312160
3375330
3360245
3358820
3371639
3369339
3377884
3345989
3340270
3342628
3340266
3330197
3339811
3366414
3316287
3374540
3392004
3353565
3386562
3348018
3357747
3387551
3348877
3312604
3357372
3380661
3338505
3319641
3330497
3300552
3378597
3324449
3353356
3317799
3393160
3345689
3345246
3389590
3324466
3367471
3350086
3315160
3393707
3375308
3305843
3374621
3355620
3382706
3391231
3347265
3326834
3319047
3347799
3304658
3349726
3311451
3364906
3345954
3380303
3374735
3386966
3341327
3309626
3349496
3362947
3352657
3382635
3357848
3319781
3346748
3319166
3352386
3327581
3352991
3352868
3316616
3361170
3346717
3317218
3328870
3360972
3395546
3352846
3359687
3395549
3313776
3393722
3399502
3372706
3384890
3342038
3309014
3307887
3385562
3356066
3329960
3369338
3325260
3305322
3388073
3309070
3396192
3306839
3358677
3380610
3352827
3335010
3368765
3347627
3317469
3311201
3304924
3358116
3337529
3320664
3318382
3369337
3390553
3379048
3306924
3345973
3309121
3364458
3312537
3360710
3392032
3390501
3327244
3371667
3337270
3348689
3353948
3306373
3348010
3376028
3315453
3313583
3387017
3386229
3331520
3323560
3368979
3319259
3341915
3360381
3333663
3349458
3369855
3368803
3309575
3307861
3351407
3387594
3316645
3374498
3337823
3318489
3373402
3322606
3305576
3360732
3313476
3327928
3353016
3329781
3376923
3353341
3353720
3318393
3353124
3363711
3375834
3316812
3331511
3351116
3348774
3312121
3319754
3393295
3333465
3339965
3384597
3351251
3380616
3330679
3323211
3365147
3320155
3356793
3338055
3356944
3325620
3379907
3353548
3369619
3387020
3330764
3387278
3309776
3380719
3375703
3316044
3329133
3354959
3329755
3326851
3349987
3344609
3394814
3333219
3398463
3327784
3317356
3317148
3344839
3323851
3351102
3310620
3374727
3377006
3347387
3350762
3385994
3308296
3347440
3314446
3365079
3325163
3390514
3351126
3371750
3319399
3382224
3309522
3318978
3312813
3391989
3321584
3360071
3351935
3365252
3330955
3397736
3366409
3394042
3345728
3340742
3340621
3352656
3390751
3394389
3364634
3377785
3363786
3348798
3372634
3309117
3322637
3324371
3385073
3392153
3386847
3384769
3379510
3399926
3367011
3378005
3305130
3338963
3330398
3392389
3388856
3370278
3398173
3355197
3385825
3373960
3379575
3316593
3367405
3331144
3377705
3336291
3397814
3351627
3361953
3330653
3395035
3353153
3395555
3307442
3310029
3318729
3310156
3306841
3325683
3365100
3347026
3381978
3343576
3335384
3361114
3316152
3378705
3353195
3313961
3320830
3384705
3375585
3343389
3314234
3379625
3326677
3322024
3348039
3397738
3364235
3322135
3342244
3372261
3363762
3336508
3398609
3365206
3355622
3383826
3395894
3391219
3316625
3370884
3376245
3350735
3303970
3381028
3391427
3322546
3342071
3368741
3330023
3332407
3332808
3378831
3383360
3363296
3331521
3330847
3349964
3352892
3336790
3308251
3310170
3309523
3362178
3340754
3378000
3375331
3371953
3365237
3376725
3320021
3362369
3379479
3324968
3315817
3314277
3313561
3352032
3352323
3328816
3311786
3384467
3399444
3348325
3302648
3385783
3346698
3333030
3379210
3383262
3386921
3358470
3330191
3374545
3309924
3350840
3398927
3391619
3374314
3386358
3345687
3364349
3345857
3315213
3375436
3325762
3357758
3318376
3357593
3313417
3322751
3341193
3361541
3317734
3347635
3336294
3324822
3382315
3307072
3374840
3368848
3362836
3322570
3340478
3325507
3307155
3334197
3365032
3309018
3321307
3386230
3357306
3385691
3305674
3359986
3389557
3393944
3325042
3318360
3364315
3344554
3386605
3306374
3364858
3368596
3349421
3329723
3357567
3396814
3350736
3372889
3344314
3377630
3380944
3333736
3325365
3379965
3396974
3363453
3346252
3353513
3366826
3324989
3331470
3384711
3316633
3358869
3382604
3371698
3336287
3324463
3361073
3391030
3341849
3382568
3320193
3348205
3377199
3321423
3381674
3329013
3399279
3310672
3392993
3369723
3324833
3342008
3329366
3313636
3361129
3355328
3341859
3358819
3347076
3370772
3380752
3381989
3369523
3345323
3370458
3328871
3357310
3301012
3347649
3387530
3325614
3352109
3384640
3322561
3312591
3396290
3321428
3392466
3317326
3344780
3371438
3352219
3317577
3345118
3359750
3362215
3305086
3378599
3389995
3380130
3389798
3378270
3316017
3305214
3389992
3355401
3378601
3318270
3327321
3347473
3393044
3340341
3341900
3379154
3354777
3378029
3393378
3365760
3315214
3354018
3327822
3301423
3359367
3353861
3366061
3355704
3370578
3304825
3392528
3338640
3319505
3393842
3336321
3385763
3365738
3324952
3346367
3495662
3448125
3421795
3443013
3406172
3424098
3494543
3436132
3416889
3426447
3477664
3408240
3425467
3485451
3409256
3483038
3440626
3421891
3417728
3406496
3438111
3441994
3417660
3447361
3423063
3496263
3405543
3499579
3462039
3447826
3422716
3417404
3483257
3416882
3465988
3413984
3481741
3411503
3406180
3401860
3417906
3402080
3444045
3447687
3420906
3435809
3429997
3480476
3499886
3414113
3410296
3417819
3442395
3448365
3418364
3472280
3468950
3484262
3437379
3406495
3407848
3459184
3448930
3438684
3410828
3470317
3442799
3403320
3406583
3476554
3414971
3449121
3480547
3401096
3421227
3453466
3443910
3435881
3414821
3410855
3472959
3441155
3407769
3446069
3407787
3409248
3416971
3486695
3411792
3437890
3400731
3478196
3454393
3476604
3409719
3409246
3494445
3403303
3465931
3408284
3404678
3476956
3416417
3406178
3410327
3429322
3494145
3495476
3410076
3408453
3456690
3454916
3423128
3450942
3484449
3498308
3489320
3456202
3486953
3466300
3411301
3427569
3477008
3455109
3443023
3420785
3439846
3499045
3421824
3447935
3421017
3401638
3404327
3467644
3432052
3420636
3421992
3493105
3417252
3411141
3415190
3494558
3448968
3488351
3435921
3418628
3404259
3456153
3448444
3425304
3423045
3458160
3464493
3432320
3456699
3409638
3499711
3468681
3453508
3447686
3451947
3465418
3407742
3431566
3400510
3405707
3413941
3484020
3447950
3437514
3496065
3417095
3425048
3406203
3415841
3476425
3458270
3421492
3457626
3425581
3492345
3449235
3412191
3407661
3405701
3410804
3448059
3448873
3401089
3477161
3414705
3406182
3402729
3465791
3456662
3494166
3493355
3445801
3430083
3416374
3457150
3412429
3481292
3422612
3443010
3468307
3456913
3408525
3408285
3495648
3435587
3496935
3414011
3429190
3435365
3481291
3438712
3488350
3490016
3435828
3480544
3408834
3418824
3428543
3415926
3498283
3492427
3426423
3402551
3421835
3404677
3482843
3401752
3426718
3410708
3419104
3472788
3423170
3422485
3447387
3473234
3426786
3414304
3416140
3499329
3463831
3405952
3419958
3465379
3418691
3405942
3485227
3441520
3460739
3465934
3416561
3414355
3499199
3435795
3429994
3474981
3467721
3470030
3424762
3451976
3479262
3412682
3493371
3492607
3451958
3418167
3453938
3431187
3466303
3435449
3449350
3406714
3432594
3420413
3426615
3496209
3452674
3409174
3432054
3478638
3446050
3477074
3466305
3477802
3481314
3450925
3430324
3476746
3417274
3466287
3434280
3477124
3430534
3404190
3451342
3440969
3498610
3493724
3427363
3454805
3413160
3445752
3441939
3429101
3426226
3402769
3407681
3486341
3454345
3406660
3498700
3477116
3450156
3430656
3400967
3447821
3448855
3483040
3496471
3434794
3413786
3436204
3489697
3472084
3400723
3416116
3423942
3481601
3421282
3409844
3404600
3453848
3494128
3451968
3459766
3477667
3460624
3454075
3478473
3493698
3403403
3440870
3440857
3464292
3435328
3417242
3416173
3415833
3493791
3470298
3408847
3422219
3417241
3494217
3466370
3432172
3431185
3494705
3432243
3446161
3454855
3466371
3450936
3495684
3419159
3459094
3475260
3400481
3419238
3460693
3495930
3456193
3493607
3495823
3450367
3401201
3400393
3419820
3406657
3411430
3418857
3474883
3466366
3422071
3421066
3403332
3498698
3446356
3485228
3453501
3492919
3414962
3475454
3413267
3418442
3404861
3412439
3477011
3422445
3478001
3407086
3406135
3422575
3479383
3442123
3464395
3445985
3499221
3407084
3462421
3472940
3497878
3493798
3429248
3400689
3495184
3438479
3440868
3403632
3440866
3409718
3410930
3407010
3437804
3465382
3448571
3487353
3405950
3445756
3414287
3443799
3406025
3418963
3412240
3406597
3479041
3422206
3475538
3437930
3405547
3424862
3414567
3455698
3415565
3499183
3437621
3464127
3400845
3437680
3458606
3448928
3449689
3405477
3418162
3442409
3415927
3429382
3468680
3433112
3466235
3437653
3426658
3405784
3498199
3476431
3408979
3427060
3404305
3416096
3495206
3415497
3479161
3401743
3496291
3422547
3465033
3493805
3438707
3493086
3464780
3405949
3423291
3433197
3414687
3486441
3476493
3479068
3418729
3435029
3452155
3406472
3473949
3447685
3438170
3407556
3404237
3406377
3407794
3417107
3446359
3414910
3408057
3409728
3423958
3444988
3406160
3404017
3409871
3477577
3416663
3424681
3487944
3421123
3419870
3426727
3468856
3472361
3409723
3421986
3417132
3452368
3439107
3430532
3405007
3428382
3486653
3431158
3416205
3485972
3452062
3421892
3404937
3486873
3477279
3497731
3442288
3494379
3402867
3443416
3482877
3412097
3401745
3467811
3452048
3441588
3473163
3403526
3432732
3499607
3440676
3455234
3401753
3457267
3413950
3400127
3449452
3410147
3447867
3492244
3441999
3419486
3433579
3419367
3445451
3495474
3475258
3471778
3467354
3470106
3407289
3473227
3426629
3406060
3439035
3442999
3430352
3401585
3406199
3494089
3430959
3407133
3439680
3455850
3414115
3404886
3423322
3477327
3483900
3406652
3482399
3416977
3477087
3492557
3457121
3436272
3415114
3414969
3468675
3409633
3453757
3458181
3475373
3427157
3445288
3414001
3447971
3498505
3454802
3417006
3438068
3419353
3404746
3414135
3449083
3422218
3468679
3406582
3477733
3442391
3426601
3407728
3404826
3499051
3417140
3499113
3402640
3406131
3417618
3417565
3410795
3475261
3418731
3431770
3429586
3481721
3492837
3401103
3433461
3481646
3413835
3404447
3493025
3435150
3476689
3480234
3468972
3477177
3400966
3439147
3430112
3479621
3455248
3432443
3443414
3443681
3436200
3466039
3500761
3502978
3532668
3510388
3532316
3504171
3505845
3516235
3514916
3527826
3520248
3514735
3541495
3502894
3541159
3524111
3502176
3531895
3542886
3505697
3542575
3528545
3518579
3522431
3528951
3518869
3535602
3506490
3536292
3519588
3512450
3508396
3534250
3516894
3520540
3528954
3532854
3509713
3511424
3528200
3522888
3518124
3508028
3530705
3527373
3521838
3509417
3515809
3512225
3521687
3528811
3513357
3518965
3533999
3539366
3513834
3534068
3503850
3509959
3505163
3514994
3541597
3504807
3502483
3503248
3540535
3516255
3501782
3502629
3518025
3504184
3518849
3508347
3528955
3501649
3508510
3511331
3518187
3523748
3521570
3505543
3507325
3504924
3500071
3534295
3505270
3514944
3505752
3532096
3513641
3515409
3501760
3509006
3505206
3532752
3532087
3527307
3509522
3543458
3521089
3505435
3530059
3500018
3531523
3541888
3522293
3513491
3506102
3509756
3505586
3513735
3500567
3505660
3527847
3521055
3531025
3521191
3508992
3529497
3522069
3530388
3534671
3511266
3514384
3516492
3510919
3510652
3513230
3534751
3505702
3512141
3509037
3530582
3506677
3525259
3504376
3503385
3501439
3504763
3522436
3510336
3536821
3508526
3509948
3508941
3517708
3519736
3521800
3535719
3509992
3515318
3530502
3513750
3523736
3532486
3523404
3511823
3501214
3517585
3539097
3529641
3501535
3506953
3531521
3506101
3529545
3513912
3513299
3509482
3514841
3532149
3522458
3503660
3516763
3509766
3540536
3539112
3535744
3531427
3527936
3513172
3530145
3504162
3505888
3517827
3523733
3527539
3500461
3536831
3531793
3508117
3539442
3531888
3528882
3539527
3526275
3501817
3525282
3530634
3522891
3509907
3514742
3522610
3510116
3543366
3511215
3505561
3516145
3522883
3500072
3525204
3538767
3519136
3531386
3510505
3503758
3507572
3544335
3528101
3536764
3519827
3531241
3531604
3523859
3524107
3531260
3513918
3517602
3530863
3526619
3511825
3535174
3525944
3539959
3501716
3532753
3505029
3532818
3524128
3513272
3523715
3510175
3541545
3506077
3521852
3533131
3500760
3527368
3500116
3513380
3515035
3518811
3517195
3545116
3509022
3505212
3509972
3523722
3518484
3538199
3514966
3528952
3543619
3517858
3501810
3536381
3528184
3544416
3528566
3509591
3515501
3527400
3518486
3532511
3517626
3519839
3531815
3504739
3512385
3527039
3517823
3501650
3522713
3539929
3541595
3539936
3518450
3542451
3413088
3476237
