2391206
2385430
2395306
2382625
2389542
2390413
2395693
2388289
2392385
2384576
2385217
2396908
2392963
2383523
2391910
2384777
2384943
2383134
2394237
2390365
2383437
2392533
2389574
2396781
2383678
2390830
2387686
2383732
2388468
2398927
2393927
2388126
2384486
2398661
2381398
2391043
2385813
2383840
2394113
2385032
2385898
2392812
2392863
2384713
2390444
2396179
2392759
2395318
2394138
2381429
2390539
2392090
2393269
2383845
2397549
2388345
2382212
2387761
2391425
2385151
2384761
2388439
2383706
2399010
2393613
2388954
2388466
2392089
2397740
2381677
2391044
2398704
2385231
2389705
2384774
2395829
2384352
2389765
2398779
2390970
2389911
2399042
2382427
2395346
2390924
2397673
2381430
2389382
2391047
2391372
2393760
2382376
2388282
2394677
2395823
2393013
2395721
2390296
2395573
2384310
2398863
2393085
2387684
2395631
2397372
2395116
2394951
2391538
2392011
2385477
2389431
2389585
2382518
2384381
2387712
2386457
2385701
2385557
2382441
2387988
2387685
2384900
2390414
2391604
2389536
2390895
2392505
2398171
2382897
2390972
2391595
2494202
2473963
2491448
2413378
2454366
2494508
2456130
2428211
2499707
2494093
2447296
2480890
2483852
2435145
2444012
2482888
2475578
2451736
2487154
2418558
2453076
2469339
2470704
2447240
2436325
2445514
2403017
2403782
2451106
2464543
2406382
2441083
2422454
2462847
2493218
2491783
2410286
2421581
2427653
2429624
2438020
2409385
2444859
2417383
2440663
2489945
2491386
2431863
2479121
2452881
2456586
2492519
2438085
2456918
2463167
2429346
2421050
2456686
2441230
2444763
2490999
2431385
2464780
2436619
2408630
2436612
2428687
2489529
2494031
2402196
2493669
2460579
2421302
2493897
2481856
2412927
2421017
2468597
2478014
2485110
2496894
2444412
2496801
2469329
2405440
2421440
2444451
2404070
2431032
2473690
2491882
2495923
2409379
2477041
2487569
2481826
2498564
2403860
2429156
2448951
2433735
2421232
2458052
2472148
2489827
2437960
2479707
2417185
2484225
2431322
2436823
2427507
2459484
2497422
2457174
2412621
2492303
2438023
2485704
2486460
2489433
2436087
2469214
2484436
2480670
2443890
2420916
2417888
2497616
2456986
2481055
2434790
2487532
2493588
2488815
2460546
2493390
2450526
2407247
2477647
2489788
2426219
2485473
2497446
2498079
2425115
2467806
2435475
2484336
2478298
2493024
2414139
2469631
2479087
2447295
2445082
2489614
2458425
2434786
2493392
2469332
2435766
2441392
2454013
2477034
2498108
2434573
2401931
2416558
2430993
2457599
2435376
2418653
2485067
2414138
2437543
2489473
2484498
2435512
2442992
2460224
2489805
2431034
2465393
2434720
2474411
2408019
2473168
2408629
2435560
2450528
2470300
2445537
2404112
2446463
2438059
2477784
2427896
2489417
2488889
2461855
2427400
2436140
2439271
2496630
2447200
2451100
2434480
2484080
2431044
2494081
2459711
2420960
2410078
2453683
2474241
2437601
2435547
2435810
2475875
2421507
2406354
2454351
2403899
2440954
2491756
2474272
2471989
2437326
2421152
2457790
2478754
2492786
2435913
2461014
2471507
2477544
2455899
2473716
2447189
2428008
2494440
2440404
2483326
2436058
2420944
2409560
2470863
2406164
2409565
2450900
2424446
2497522
2456244
2479647
2488725
2450583
2456742
2480945
2489536
2469680
2458263
2404583
2459352
2444553
2492896
2447308
2461200
2440569
2478318
2458331
2430743
2403799
2487573
2457699
2485182
2482417
2454349
2492363
2419270
2498303
2433897
2400008
2407636
2444961
2494566
2490169
2425635
2494115
2417122
2493091
2463297
2425609
2461925
2443443
2427736
2469334
2426640
2429179
2456712
2469335
2493673
2431050
2437900
2472955
2412272
2439814
2486222
2435126
2453525
2440266
2473697
2403468
2438686
2444827
2454331
2436016
2427642
2481238
2444674
2468528
2405560
2445066
2498255
2488727
2464792
2489456
2474654
2419575
2496432
2451108
2480411
2403862
2434422
2464255
2482393
2441401
2474763
2478947
2489421
2441425
2485815
2484922
2412119
2478874
2473694
2459398
2404266
2403868
2424042
2482137
2428387
2448684
2481473
2489854
2444670
2447048
2493341
2400286
2480620
2468544
2450594
2425868
2428462
2402791
2458511
2489841
2469791
2477610
2404341
2499460
2494025
2487860
2495513
2482442
2401078
2447313
2493840
2496088
2467600
2438067
2479702
2480542
2496979
2415689
2444731
2422500
2428844
2409562
2444730
2424206
2430636
2464220
2424252
2490025
2413918
2407963
2407211
2444400
2469337
2446440
2406702
2480755
2497196
2474822
2470508
2428919
2433989
2456968
2485807
2408036
2436874
2486348
2435780
2423221
2468525
2437684
2463344
2451393
2475014
2499493
2468598
2459967
2454058
2465735
2452121
2457464
2484609
2414452
2453328
2479925
2473661
2496476
2430754
2415557
2470862
2485172
2460489
2433268
2474860
2467566
2484229
2451529
2419344
2454388
2462866
2481185
2467596
2445042
2481123
2443500
2408040
2440411
2431548
2453738
2406871
2463671
2423508
2406508
2482696
2404340
2428159
2481485
2489568
2493463
2477871
2480646
2444294
2424408
2483776
2478502
2456093
2409564
2464816
2495774
2402246
2415954
2457794
2488390
2449310
2462021
2479157
2492640
2495843
2455571
2408114
2422140
2484728
2489097
2410240
2474554
2461325
2441106
2441398
2410620
2475748
2497444
2497006
2492991
2408865
2434302
2481160
2442032
2442441
2496664
2493885
2496526
2484822
2428843
2457104
2413756
2480557
2430071
2446755
2436561
2460429
2463573
2462270
2484443
2462931
2425149
2479192
2480525
2444785
2438080
2454044
2471435
2434578
2456089
2406055
2495782
2488706
2477495
2472971
2405853
2451346
2430561
2450743
2490108
2471096
2424369
2401709
2413312
2413173
2494119
2492271
2424285
2487932
2444786
2421016
2431046
2495840
2417166
2488605
2421156
2497678
2497523
2429548
2477842
2453621
2422502
2485705
2405886
2434789
2453053
2463030
2435082
2410038
2435943
2444938
2437054
2416510
2427453
2486251
2466460
2447225
2463345
2484994
2487567
2490916
2413367
2404689
2432041
2469609
2479709
2430787
2447684
2431221
2489747
2470754
2448228
2481158
2493805
2494999
2440586
2494148
2451408
2429102
2444510
2403704
2486457
2499469
2498256
2406651
2475846
2430058
2470835
2496067
2425837
2449319
2494698
2427900
2402445
2461874
2458061
2475028
2465552
2480539
2498337
2437889
2409511
2410982
2458843
2493968
2463565
2450740
2416748
2462679
2489603
2498258
2406818
2498015
2491775
2493932
2478599
2439845
2460131
2453286
2460128
2402182
2410260
2423316
2419811
2469333
2451931
2498881
2417108
2444486
2459473
2408003
2426636
2490196
2407226
2442868
2488266
2475399
2525680
2583671
2512273
2526173
2513869
2529362
2563604
2536421
2562477
2572941
2533637
2549013
2527872
2565834
2522507
2510317
2551760
2515788
2561394
2561198
2567600
2505033
2535777
2598012
2548206
2570524
2537589
2547112
2504081
2572771
2581673
2531921
2551902
2546652
2526556
2572769
2592458
2552575
2508744
2512391
2589847
2528734
2577130
2570728
2520647
2570769
2512678
2594159
2519061
2527899
2514318
2571017
2562500
2559078
2553452
2570311
2530072
2509811
2529286
2526052
2534708
2551024
2563344
2592727
2556117
2516841
2581674
2544951
2531351
2516594
2586136
2534740
2564524
2531072
2575667
2505328
2514844
2559505
2584235
2527373
2572719
2520009
2525131
2593235
2582960
2574863
2563605
2546152
2518009
2557274
2593260
2518854
2523484
2505348
2597750
2511996
2514467
2570849
2599206
2501475
2519816
2512982
2513594
2535539
2526666
2565817
2529606
2505959
2547881
2550974
2592456
2551944
2540983
2577966
2560942
2541235
2555871
2529852
2562608
2588341
2507349
2582547
2575055
2528381
2537357
2599936
2576719
2535650
2560630
2525466
2501173
2553895
2585142
2558529
2595604
2574057
2599381
2568214
2559783
2523392
2583718
2520234
2540043
2558531
2504914
2505201
2513183
2514919
2550874
2585444
2512798
2553888
2525080
2526878
2594322
2570551
2565141
2531233
2501548
2510956
2588554
2552188
2591117
2518059
2564881
2574004
2520964
2534883
2573306
2556783
2534586
2521752
2529067
2507501
2511176
2577230
2575568
2560536
2547309
2541613
2549437
2598368
2544310
2574556
2531076
2598324
2528797
2586535
2522409
2585556
2547330
2556252
2589825
2569111
2507720
2543529
2589228
2530877
2500396
2583984
2530252
2532768
2571895
2516989
2523144
2520645
2502048
2528020
2539259
2569813
2572498
2532755
2574941
2515664
2538445
2514788
2557889
2582629
2507440
2570600
2542632
2549783
2529524
2514080
2550007
2501759
2527213
2546240
2551836
2566882
2574450
2597537
2507166
2580493
2550975
2585325
2573472
2541459
2550516
2520516
2551082
2534466
2517516
2554294
2563601
2598038
2540048
2552150
2599319
2589877
2516623
2578263
2549063
2563561
2541115
2502986
2561250
2593736
2593381
2544987
2519903
2535731
2505643
2530196
2523722
2576261
2558977
2537066
2512923
2574572
2562130
2574021
2548342
2597056
2583347
2586106
2508234
2506268
2527162
2585301
2551187
2530229
2596997
2546989
2576610
2552594
2525899
2511211
2564821
2538917
2599316
2529867
2568645
2535607
2555995
2535783
2526252
2510954
2513266
2519263
2515604
2535909
2575708
2501201
2500417
2599940
2517241
2552230
2520323
2511317
2592656
2560325
2511716
2564972
2501363
2544358
2554836
2507820
2523182
2585757
2500373
2558333
2500364
2521008
2583254
2547393
2561590
2579598
2563479
2582275
2540912
2502148
2566350
2599266
2508547
2552137
2585435
2519959
2550422
2518044
2522723
2567069
2510672
2542335
2583908
2575574
2514052
2551700
2512422
2553785
2551842
2585052
2517072
2590527
2584364
2534097
2525310
2503705
2551843
2516395
2513641
2512390
2582712
2570057
2501169
2575092
2541246
2550572
2504015
2559847
2558203
2585466
2531906
2526672
2516444
2590684
2512526
2591904
2522839
2570436
2551117
2517680
2524452
2571015
2513250
2512069
2592142
2599380
2556888
2522054
2506558
2581425
2501180
2578065
2517271
2552577
2561300
2580045
2599242
2502031
2554671
2518710
2532229
2518111
2523309
2578042
2541847
2550951
2559848
2531369
2511094
2573641
2529403
2572577
2512272
2572568
2517946
2547142
2584580
2577354
2564311
2563222
2570734
2595623
2554009
2522955
2572858
2571906
2594076
2506901
2597232
2594361
2595133
2543540
2522385
2536864
2553266
2545278
2554100
2529396
2541243
2581677
2579788
2575040
2543995
2574075
2567771
2508645
2539774
2513291
2530090
2505081
2577123
2594269
2529392
2506902
2515609
2593099
2558677
2521799
2557744
2541541
2591953
2576098
2591307
2584416
2558498
2558678
2534042
2557776
2531259
2587267
2594177
2590509
2560699
2590996
2512347
2567708
2532681
2588669
2505992
2529553
2546883
2519908
2573917
2557997
2555663
2563324
2553470
2571839
2546651
2592874
2573301
2549835
2505021
2575739
2524829
2565330
2535867
2517479
2599528
2567566
2590006
2502205
2550966
2505160
2585459
2501852
2535442
2512914
2575431
2559110
2503058
2590000
2533596
2545909
2508510
2590682
2592466
2583496
2563343
2505989
2557709
2592990
2517012
2531916
2572326
2585766
2507303
2599935
2559098
2538538
2533458
2517691
2554366
2592556
2570691
2524456
2559784
2529167
2576625
2574023
2541540
2527086
2593617
2540617
2550010
2549786
2525609
2552688
2512870
2547051
2531232
2584574
2524773
2547882
2501177
2537008
2570755
2592158
2537924
2513393
2527906
2505050
2572948
2555608
2597137
2575067
2555852
2529453
2541618
2552209
2505347
2591305
2595136
2557169
2509539
2563895
2525351
2592557
2547067
2578334
2519096
2575433
2579934
2534881
2513241
2538751
2519841
2529309
2586787
2508867
2585263
2550873
2578533
2585846
2509968
2595093
2529999
2569058
2533224
2508742
2574282
2576338
2581100
2547501
2530805
2508700
2526084
2589521
2509144
2516442
2508935
2582617
2570340
2531294
2541033
2513677
2584917
2585430
2561847
2566412
2527452
2512705
2595142
2553732
2553248
2536771
2518014
2585343
2534673
2514421
2599413
2522387
2554446
2515014
2513282
2529774
2590045
2575510
2592457
2542455
2504230
2506739
2571820
2535612
2523881
2504624
2550667
2546795
2528009
2512222
2515122
2508158
2588674
2566848
2527296
2549366
2561846
2577574
2547061
2570798
2523700
2545900
2505436
2558520
2575399
2520222
2511479
2576794
2505346
2522470
2580614
2585079
2518321
2573286
2589321
2516263
2565477
2571821
2529427
2529411
2505449
2558315
2565129
2558652
2532094
2535589
2580861
2579304
2529608
2557631
2548606
2545768
2543053
2576741
2502517
2555407
2577812
2574462
2668770
2632859
2697992
2645174
2606527
2631348
2656400
2695696
2681395
2647232
2643584
2691062
2656386
2682201
2684681
2631615
2614744
2627743
2611337
2631257
2636658
2631983
2681858
2605642
2605285
2611749
2635119
2629236
2605295
2667216
2670198
2656438
2698268
2694797
2662206
2674264
2655348
2666070
2656388
2634452
2602200
2649663
2611742
2697649
2615336
2631359
2618575
2697944
2684903
2606737
2614979
2618228
2632865
2648029
2635233
2659238
2618604
2651094
2662764
2666404
2648399
2682336
2685202
2643090
2619751
2653460
2643742
2692433
2602448
2641961
2674649
2632864
2651208
2665527
2687968
2617233
2695728
2643061
2661267
2618882
2663845
2633201
2654133
2648940
2697454
2663892
2626510
2656471
2633334
2634367
2688970
2645588
2633020
2616638
2636153
2662232
2694441
2665053
2643458
2609923
2648390
2643439
2662790
2617554
2620591
2646797
2619384
2647040
2614986
2643349
2652670
2660041
2617432
2699619
2695252
2636356
2659239
2697990
2602845
2635846
2649185
2647613
2652153
2699459
2632132
2668468
2628945
2643845
2693757
2634049
2634086
2698673
2614058
2632419
2681535
2606308
2618670
2614807
2610328
2690283
2673398
2649425
2686505
2634050
2652358
2672561
2604434
2645129
2611544
2665945
2652662
2621902
2612616
2697611
2657887
2698937
2666759
2621276
2698461
2656465
2658353
2691076
2629514
2691075
2605681
2631060
2661302
2648187
2696792
2668874
2615111
2696588
2688744
2664428
2685875
2681401
2641001
2611594
2651976
2649806
2684174
2642464
2666175
2619417
2696547
2618468
2649597
2676804
2634245
2694537
2662299
2603880
2641257
2601929
2659832
2683128
2647076
2699464
2655945
2699620
2643176
2654148
2698470
2675163
2611833
2642232
2620479
2684566
2683314
2692383
2603900
2662648
2625112
2613555
2620688
2611029
2617405
2649186
2614167
2641248
2684636
2684635
2629753
2668346
2687210
2656292
2686835
2606486
2684683
2662331
2668156
2650952
2665680
2662734
2667912
2652088
2605426
2617562
2621444
2655270
2649831
2681475
2698720
2617300
2601932
2646557
2687356
2665894
2698185
2609571
2649357
2656582
2604136
2658159
2688505
2645260
2659890
2699799
2615663
2668800
2680947
2600242
2696696
2682473
2617235
2607139
2695846
2642023
2696375
2632837
2650464
2656287
2698572
2660261
2645172
2629950
2657316
2698606
2647811
2607376
2681579
2689555
2620355
2632631
2646354
2695213
2651781
2641320
2618002
2642467
2617345
2614131
2661337
2656804
2699456
2611520
2682599
2606245
2614754
2699531
2650476
2611707
2641797
2658785
2605806
2666580
2643208
2614962
2657944
2656054
2655114
2668976
2617201
2621137
2606499
2662478
2692516
2648317
2653624
2661417
2664287
2611336
2665054
2682247
2690519
2690464
2695877
2648522
2605595
2696430
2631930
2688852
2695443
2611011
2618035
2620357
2617422
2619159
2653538
2615341
2699280
2630880
2681644
2646115
2617430
2668566
2633722
2615034
2663931
2618345
2656256
2660211
2684283
2614165
2620469
2687106
2643068
2652663
2670231
2629671
2646100
2600785
2650588
2656190
2647899
2692643
2675111
2620154
2670205
2647903
2609887
2630514
2652073
2614265
2617069
2627896
2666232
2698137
2659835
2656785
2616497
2696714
2666624
2634530
2657583
2665659
2614835
2659321
2675491
2601811
2659565
2696183
2619381
2668293
2623074
2648514
2669435
2649319
2600243
2686995
2686697
2651915
2617230
2699656
2629952
2690507
2697706
2641517
2682251
2649489
2688371
2659388
2661626
2603734
2616639
2632105
2658446
2666443
2659080
2662531
2622324
2616510
2614326
2695717
2685504
2670226
2679882
2688916
2630753
2696484
2692367
2665130
2652104
2650153
2621227
2688023
2656379
2684642
2656524
2662231
2668154
2602724
2662227
2606354
2681129
2661032
2634051
2662464
2614891
2683877
2654386
2682735
2690215
2651917
2688708
2636669
2607104
2660945
2613840
2620130
2660021
2668691
2641315
2653984
2602367
2667947
2647439
2613975
2616659
2612070
2692990
2611010
2629900
2667849
2699570
2630935
2614765
2633658
2612407
2656056
2659285
2636653
2692296
2606001
2661496
2652666
2649952
2656759
2666490
2687206
2617431
2623232
2688438
2697289
2665109
2687450
2600850
2692462
2648209
2668006
2647440
2616228
2682187
2686561
2630512
2606047
2697481
2606182
2620217
2661797
2649356
2626274
2690889
2628213
2654125
2600439
2616622
2655319
2659144
2666660
2633886
2690514
2629805
2691060
2643555
2664429
2660896
2689746
2609917
2656838
2609716
2659553
2692357
2665893
2626658
2657981
2689796
2645788
2620465
2650188
2692424
2614186
2606262
2663274
