283832
1554091
157262
354356
475169
237993
56801
90563
103594
211181
841044
40064
110882
1780762
247196
2125435
1972571
389790
291003
92603
1597522
295178
92593
850253
1252596
103793
463872
452971
870984
1286126
69687
84329
476735
800308
1440161
1462667
60138
1532503
337573
135790
249380
1440129
114887
4728338
402057
41154
57869
364970
472043
866442
1081935
2010914
149624
1316540
371552
950739
482463
1807950
280653
58888
2978426
1823664
66808
1668191
71129
103791
51365
1128075
130444
837106
416496
149601
970472
338763
401233
1043842
1579361
243155
1542852
401085
2604388
1235830
115751
236027
2610768
2452254
99334
85276
1411281
352248
221027
861689
75860
186508
150216
299658
4258004
1702425
94888
1064932
1385867
2678518
405821
1911553
1550312
238112
997047
60268
74360
2332579
157472
889583
103905
1939659
92644
1042877
77355
420555
1164999
171804
275230
1462758
1035736
795351
115725
103994
317198
159365
75824
109456
2737050
309530
65651
313196
248408
49189
142242
408777
1054580
120647
420509
3819668
449086
457430
118996
204313
112922
4626854
203632
286306
421054
421051
100998
82269
1668200
221111
330243
2832470
326835
94964
2377322
142236
60315
264508
810827
70040
457655
1855199
1028528
99776
1276419
67866
50976
182060
82096
48021
116231
2263944
3347976
365675
1111890
445336
848537
443489
168629
808240
85475
367652
118928
2316411
104815
348836
827503
2039345
814685
213682
165773
1071875
118589
1205558
72962
1801051
385700
1347521
1212419
3297330
119250
99699
338097
384116
1446072
116324
347149
2844798
369441
110008
301357
263438
1567609
155722
63056
252488
252490
58150
455957
197521
808276
16847
119167
136244
361668
56059
2095649
485510
1082601
425079
433387
120693
83946
436339
3140100
1650407
50613
104652
772178
1808197
2675914
1322930
1450334
56142
119448
247444
2216240
61781
163025
1016290
1859522
1808223
960790
2884206
1784499
1424797
373981
91288
970179
104545
1260502
1130988
57603
2576852
2967224
97050
271027
65889
1650554
296042
2968738
113409
87544
110116
2752200
456184
1332134
3374730
1034314
830861
1417075
1255953
339230
12364
1838571
107322
2608224
780536
120716
2758880
113326
1050160
278823
1355630
4331266
120860
1613750
1250777
485241
113540
4458206
119375
2334841
278488
154421
470833
116695
116790
243862
372334
107315
487503
60474
2034031
46911
286244
254686
80610
95800
74103
56119
128332
337103
1038043
3547740
1029234
245238
1016301
390221
62229
188030
1194616
64285
1382725
119590
1104083
324197
836700
84555
53198
1650048
369702
144201
90985
46487
65531
2179121
54632
378284
2404738
1228987
179955
1155592
64106
892318
1235841
50783
1512685
104839
1764625
1753813
57427
1007029
58135
82370
183505
2278871
1828995
54407
108500
275491
1508675
101765
3253930
422015
401383
24844
91495
1565958
2991224
379865
2315200
1186369
19254
65772
1259014
456396
116905
104670
342735
1827512
283900
1206488
67778
338135
2183070
30643
120449
377084
445054
1843287
89606
13442
2011971
41699
95801
978649
470883
1185431
97940
1167660
351461
1937390
1954701
1634003
1233219
119698
408306
1198138
1183911
161860
107617
482546
117060
60802
2382009
95715
17136
18192
171580
110612
367859
184756
82736
408017
1095174
119843
869977
59527
110631
292610
330702
74084
479968
74991
57358
383534
970468
464913
2222394
71431
875034
58430
114057
102587
1069238
120776
844457
457510
1654523
41719
362225
311519
47445
318649
1298650
53168
178868
3450650
827517
58453
1474276
1629374
297721
2070776
58461
1373215
114117
253614
323872
117407
1577061
456630
1194238
1528313
3011894
1483797
54189
1193516
851578
417056
218553
1077258
235712
1661420
3029558
2752688
1337057
274711
2601526
425333
3698408
1067733
255477
200071
194314
357111
54167
42876
3477064
405393
1521848
2916266
35795
396184
1422032
494834
307453
1121794
1278449
831888
81506
47478
291350
60959
105428
2379713
63611
906665
58625
96118
169858
263975
2331143
410730
253779
120834
59719
499262
800367
839980
111341
999913
58604
88083
430651
98437
54310
274155
425458
114563
804540
183869
247745
804529
4878124
117615
281373
367082
371246
169880
826631
323944
1322385
48624
2007993
69293
295721
825236
124102
758781
88194
1017460
1135092
3409248
343996
1389127
1869716
484111
2101473
40338
50356
1068641
2058107
816442
120657
455944
87910
98141
1935896
191133
328832
96073
122515
120728
218967
120596
46816
52905
964185
361862
429491
981072
2962876
396688
1837703
3674140
64505
2316976
1073240
440963
330099
3742218
2193215
93428
1161864
496634
318974
387131
119887
3475414
221218
1007029
1877470
66473
1277737
3996810
111495
1396226
367153
4451000
938341
216651
46478
243609
164961
1555149
46438
475276
1650536
281364
120868
59885
88272
1111422
110917
49902
1847731
220100
105665
469494
1558877
185125
272147
20530
190861
1596365
105682
170705
70832
4432800
1859650
388473
259711
65134
1740707
804552
253828
2333804
76752
976060
24803
1309000
243255
206420
796375
2231253
55630
1649443
1932767
2229511
100934
469641
84934
114916
40979
267129
995829
3042408
1567448
201368
2404425
283139
470000
856288
5025648
103767
4856826
980283
1640680
4097400
192194
97674
1051713
945571
91455
479113
1559549
5241156
1759023
1331025
96273
1273789
318202
