75612
450385
82307
478087
191754
134273
46672
1032846
1712159
2059171
1335975
499603
1680045
50083
2024544
2375559
1179069
988595
78721
243736
315733
268978
147800
2172934
115438
443649
120633
120577
2186812
360323
88915
2614684
103596
974661
899128
1542344
68156
24034
914837
331811
463854
875113
453562
118541
1975249
85127
472582
381849
1486193
214388
75784
137338
1022603
1272878
1622547
337563
488478
264323
1715873
66921
343660
86837
62622
50086
120623
37800
109015
1067106
2294449
417385
411705
126765
85334
94137
274309
112691
92494
298203
1187043
106489
92501
2247692
118539
389722
1306980
349047
2920540
1725795
417397
83511
307901
90570
115433
356470
486576
1602472
411061
72730
1975159
2659414
416449
212712
1232829
69697
322259
78723
450232
179626
2395385
2372678
1160368
289043
1253863
1711425
1514041
1817081
259822
98966
233142
298744
118689
1540741
77975
101420
75686
96913
101329
99091
52600
284837
169547
762073
211933
109117
61385
1311060
92563
61369
466856
43278
106246
118607
60438
2180994
357413
364955
2639254
457275
43338
1187041
416508
107808
118548
465375
101258
41113
120770
1605630
1280558
58898
58947
94715
437800
86927
1588170
99044
115640
85154
106292
913354
1186830
257360
127722
1407049
244000
799934
1527788
82031
278295
881891
1590950
374526
1726592
104257
429591
106375
337578
1019452
90583
74156
976222
158493
80365
1242599
50598
81974
69704
473488
83530
46414
78841
26778
384819
92618
1171222
211946
379306
1849718
350261
395119
1611224
168786
490076
96874
281358
424823
2527186
1196334
1772240
953318
478970
405296
1559547
405676
414852
337579
372784
775552
375568
34492
47849
265029
276751
72417
1418646
1431181
408524
375173
1731701
960731
83624
455326
61391
289848
60665
106333
870211
380366
814022
16641
1101026
249371
71115
112453
92605
317132
47522
90670
118849
90633
328828
200469
313792
115819
230030
78748
952640
71141
118698
346491
2006040
1268799
109068
99012
219965
29606
86873
103776
215545
92546
90655
69768
80339
1087578
57831
174480
51383
2937898
1014759
122933
285441
83550
295289
1602620
74119
367479
118688
115632
422774
1815862
103644
80354
2404181
802948
1229340
1712170
308208
75648
2209418
1945062
59573
29870
443435
286261
43274
466664
1176740
1610996
47834
104361
3484800
1152398
2017038
94602
218817
109190
388500
94631
99052
1478964
211934
417433
455824
1190617
838247
164334
1572491
90605
199314
87800
480239
119535
95742
52561
118556
286499
376127
90685
103772
497323
443431
103759
106364
132512
146838
399146
78788
1800241
115641
82010
273435
1213012
255819
80377
99005
1231586
405743
204137
115639
1241195
1833844
1602098
1571222
1118511
305206
2314824
1126596
112471
57877
106308
1067765
1545754
1129445
1928340
62687
118564
88683
1549572
88748
387059
71110
78754
426931
91867
181875
233841
808151
369226
145660
2326554
92534
144084
20640
118583
302297
2170299
103671
1018818
183790
1318044
430912
940656
112462
267287
2203308
51406
37514
1928330
401445
318283
373690
1174954
1231580
68240
819755
96895
96794
105265
118655
58182
113198
2631186
86859
84434
69762
64072
1959332
50105
115644
28772
280486
112401
66763
92513
312329
809407
149691
1217613
1483324
2828996
218839
3060492
1423894
211938
365125
118604
486551
1440732
384814
88763
112442
120603
92548
109040
358349
1179056
88708
41090
2388637
36613
418455
1532958
318081
102443
266465
765429
106266
458413
109198
364986
499549
3042926
1395025
115495
94663
2011276
829459
96787
62711
2510434
445922
1436568
20629
2465146
2395427
1885300
398712
3638012
963743
119822
60107
411118
4195278
44081
145653
101393
1985019
118570
117913
1985017
288439
52572
103639
997246
2505294
787470
37515
306434
1313092
137363
80408
3316948
307987
310281
343135
305224
369672
2555958
94612
113670
3863552
2243537
2312890
3678782
60153
66817
120595
2350892
465142
33373
118665
93629
1430607
1787660
2375574
38190
2099556
101410
118615
1519461
1920849
101414
340012
166485
2557490
384793
94712
971209
1764183
80360
1615918
43924
99077
52618
276816
490084
133985
29850
1284575
86879
103786
246772
1610452
313911
88146
172156
476958
42192
118636
48960
1024648
447854
120591
1814621
1182972
106341
163651
299458
112368
80391
1698641
83564
41587
455323
264395
106332
1322269
1226240
66765
118617
185183
783233
106220
50371
120324
58586
381681
1533013
268126
414853
252866
1826590
65377
120601
120613
131857
109035
65462
44413
68182
112431
109127
112281
1247640
104694
60086
225071
90660
248667
87892
996979
2179136
1175709
118073
88680
115624
51378
429573
2082197
377471
1315981
359423
94625
1937449
99088
118571
1174732
418460
80421
80388
122541
92610
453453
437857
426883
292963
1391034
120586
1606378
303714
133412
120604
1422136
491747
74102
230011
1091722
366174
159273
27260
95159
368578
120587
275947
2870612
85210
1100051
47811
51994
420087
48956
115645
327437
48947
90264
106307
442933
391304
106387
1365050
94721
871426
119053
473753
1640711
120787
1591479
267248
90667
109120
1704573
365907
2923316
112384
140379
2309961
77215
66049
454776
72684
370263
1078188
118883
1930294
112571
71230
361411
106557
1181795
371606
106582
258470
1692486
54698
90837
229260
375611
59017
450259
1248971
1991245
1190539
265298
242193
3713166
101545
33467
49038
26174
94737
424345
82198
1172570
88889
101540
94793
109445
101627
239395
2562232
779982
306685
1999987
233469
115907
1728986
21749
816436
99329
47892
120618
92666
109439
120630
106500
450405
204946
104779
393109
204175
103893
112642
103956
109504
1487118
280491
816462
92718
772157
383222
250310
470705
451094
388795
345061
1430615
109297
1319704
68154
88846
56937
1729637
2369396
473024
112715
393162
109415
78935
99160
264472
90888
285462
1954315
1464174
112760
39192
96945
970411
160184
1183251
86984
19702
109287
115781
109327
221073
94744
61452
90887
449471
94894
2112124
109361
94799
1555064
101453
270288
109450
74258
2112131
1179031
109348
341495
68309
86960
1242422
126250
160127
85382
1060277
116000
1179258
892255
445935
360486
184526
1531901
305357
142342
66831
1629705
460740
3813310
212579
395479
1368440
384286
115906
1183252
115759
294357
454082
1078940
264464
46876
1120985
62803
397892
74256
90852
97044
118789
2494362
1343703
112508
120610
844671
88933
2883512
1535109
99204
109382
109369
55852
120620
284978
121164
118749
2459156
103924
346723
94746
407621
275277
87003
88794
1598778
29947
315327
83739
443453
1891757
218043
78902
218864
112679
896798
80474
80549
115710
179116
56923
361467
249462
4044364
449573
74285
3682448
163983
317219
222812
1217209
87032
51459
388419
88930
1661820
1891755
76150
381061
106611
64117
34583
310775
795493
300532
337921
87050
97138
983213
437232
94933
92675
1465533
66892
206634
68327
1014672
92746
80569
159382
127723
106453
62765
490086
305669
96969
69897
118842
1334585
2717822
2592910
844471
381940
101635
68408
1372686
1753496
1151309
804452
61512
162222
163988
381971
77294
2511428
118829
1456060
1190536
65547
489664
42369
810784
317248
115783
871510
101507
71222
83658
308055
346631
112553
216625
118708
168987
2350496
109303
65528
181984
400234
104029
80520
265087
1352824
374536
2994190
1020558
423866
117826
112722
280477
423977
1609479
374546
345074
28691
940709
77362
90830
106598
87015
363473
82176
367631
94747
1886493
106613
106452
85255
103859
1706593
109279
45591
118884
94890
1086772
97027
462200
1477837
34587
77369
82085
142201
1524137
40068
131325
182789
83722
309377
109288
115697
310910
1684628
1014775
961722
402894
349205
69865
80472
85271
806027
250224
947798
97123
870204
112541
115734
101587
187738
2883434
2554274
109520
1091229
61418
326769
118880
109254
376543
60176
1287468
175526
88979
3125324
210616
485976
328880
90756
452592
64177
112641
452598
412019
1181791
2218003
99180
109444
101465
1598873
2359024
421082
71315
1014763
87062
120533
118750
389860
90849
92804
101452
257516
123755
2234003
357507
1320239
82146
109370
1405365
26138
303816
87078
94898
4229236
28683
1780798
109424
99141
56891
445934
71249
2088003
369339
144120
96928
397044
924129
70016
166110
1823672
94824
362526
379217
92796
2281159
1438254
413895
1411664
488988
9968
1480656
112750
1263670
19760
974014
2261331
118845
297037
115956
90728
398808
379725
758774
1371111
82158
233422
94862
1786751
85346
55824
74695
806203
1228953
462229
115736
2025526
118798
109305
101640
286635
1121931
65466
1194417
2245084
118887
1534085
94812
2545118
94889
1629757
995031
479884
281686
112625
1827487
1570728
118843
104006
99253
246464
103939
39286
212380
15648
118863
424908
1230448
1620719
360139
64115
2334873
115851
90555
269095
914797
374569
88850
331468
1985966
80487
115744
139134
1216475
106471
327554
47885
103923
42286
374584
186894
293007
887883
1174730
112740
2071613
86973
411195
319061
109447
4168188
2230358
90859
115857
412536
337917
421729
83767
285492
824747
1212974
163579
310793
231402
1843866
103850
2168910
88944
101516
120611
1349451
82089
1430612
109484
86969
101615
409799
327597
2390237
62759
42332
39224
55798
331953
2866360
1971352
374563
92699
1316037
200550
188453
337876
1093908
1792647
1235522
1106860
124298
435623
2490326
1326972
85333
401997
90738
377713
173716
1664894
181316
104009
252299
454084
1319718
900357
1196204
1297919
359013
46807
115964
94919
337909
2309224
1032856
82186
245803
42276
94739
1232207
443456
96933
425598
115683
1630036
97958
112573
55830
425637
1657507
458339
120632
388789
103919
115678
472062
1362058
265086
1127877
208003
1169809
62824
118747
112688
409847
86979
1024715
800320
901476
47898
488085
367594
241303
245046
1210042
1308729
296574
2965412
460745
106519
424880
40202
2356180
112697
85478
422091
92991
134619
282209
205000
219653
101829
357277
101745
120654
92974
79073
127536
362590
112817
313021
489018
165710
99423
112857
319343
279331
1360860
55895
68278
1985981
52722
1124039
397313
829150
251075
338013
361715
54847
71455
103874
325258
77394
99371
1531663
1667310
231448
149261
94924
953989
109555
97165
790604
1833673
72890
52654
3417422
104073
260866
266489
40308
120655
327679
1883180
407732
453467
1185420
1213644
2187884
480242
23948
441048
101757
83866
2181931
452608
2051879
92890
45708
118956
1274586
116095
36775
963965
116242
101787
59127
46912
99422
137494
279778
1123373
795368
813547
329028
1278340
95031
1279935
1023500
301199
1135487
83806
2387559
97216
1303828
398913
112819
327643
186045
82250
76009
1590024
373861
4430212
1288558
926063
92906
59113
483607
109758
804463
389957
109635
1561768
1196141
848557
119086
374345
1282139
1925421
1507563
419677
106673
75995
2402105
461770
2023453
3850214
2016894
1772288
1136608
1581835
97257
1854236
1075110
404030
285531
116253
879870
1841642
812243
112896
87175
101821
50307
95107
118929
1701990
23969
1422020
1945084
99487
455760
119081
1191111
89013
64793
1340773
104107
116040
57007
116191
99426
166175
1034303
765447
490579
249478
144168
1772424
33563
94947
4110568
104237
101775
95088
242445
240462
1107319
150377
470752
106677
130623
68473
262396
765446
112792
116151
2053425
800003
2103281
99385
330229
82242
292490
112950
92965
99409
1631867
2318092
205271
146675
99365
424993
246592
1087842
69995
494222
2258281
109707
1756476
287978
808185
231775
430051
1984153
804461
1314177
112913
375735
393597
116250
1149362
2978462
92925
792965
109676
1091617
42530
1697064
126886
462244
120631
72856
10323
89670
427152
119080
1433810
116126
57012
1258197
303933
486822
1323594
1331307
82348
364725
2650978
363589
326856
101701
845448
409904
1172963
988849
118983
119527
97202
266452
352277
99472
116136
1587707
433362
279064
2387433
118301
53804
1270761
77405
83833
80661
985025
85470
66999
418647
22835
116130
2258337
77413
106697
273517
109688
72951
101748
992911
242423
88993
414055
74486
449010
356150
276919
99817
298856
1314655
1305797
349416
363547
465436
412637
71402
97179
896534
120907
1683526
1578882
1853728
89003
443496
1758595
1013860
118954
312528
97240
71464
350774
1731141
338096
95082
112851
377800
55928
2330866
2515030
61619
1043451
271263
27532
1878942
411302
377749
853096
298296
48028
83908
157503
259288
342272
2719848
64276
1314228
1462041
1059786
83798
164114
790636
97239
413099
101698
1226273
765432
275309
109642
317303
1093824
119008
109759
1690953
1645155
68555
112870
368709
97223
2390361
132245
38499
118892
1321509
2752758
1343727
765443
817538
190374
106701
1152758
97162
271367
1674771
106834
82340
419706
2229499
75931
157583
21814
2171867
1127180
2096672
1020530
1153706
109686
382628
87197
2165735
1650043
87182
37635
1757742
238948
53793
238380
246578
70034
112864
322674
1934231
92929
131369
164538
106761
1667307
116168
61584
1529569
104070
411270
77402
89017
116165
1528100
3447364
112818
66995
354575
33553
1502404
95016
79116
3155734
1231583
1285241
106770
1282140
82329
92857
20697
1016268
780511
215750
285728
1211956
280609
92948
118998
377752
1772264
104187
31225
39302
430779
1077368
101700
134630
1564349
97289
71411
101764
778661
109579
186975
2265398
808244
116213
118966
1816518
2532528
90930
466342
82288
479651
446687
116225
150433
98327
799949
55913
814075
112883
67065
101669
69945
101786
1840309
2183034
120660
2103264
77523
358456
195685
398027
99348
61589
2235108
2101341
119013
99512
1235124
246460
37638
160236
472071
832266
31210
90966
90967
89092
2402101
422093
104558
1114677
246692
119225
299930
1100089
30241
452623
1289406
260991
116410
139239
1320261
421206
80745
95270
116353
212985
3173910
417741
106873
2334649
480687
1640459
1433108
758746
99700
116260
1238291
95304
422401
257756
200654
93177
2679042
68611
311289
48140
65832
106912
120910
1912398
40416
1996264
964516
89208
1322312
80761
1663143
99739
1558250
60397
1674773
857376
436331
1001508
106950
411477
486583
1836808
1176251
106941
473360
304141
466816
82517
58092
109842
101912
1954470
893412
2215477
40369
385726
97499
1698648
870111
1643222
369436
489049
82495
99763
2322441
106965
116367
97351
113101
73092
329101
82351
83972
1029120
79261
1068242
1051904
2347569
77578
817177
113071
120667
116320
120694
104346
240515
89155
146882
349467
460792
113010
454824
427312
448157
85549
119099
180734
1045670
155711
60490
109891
97390
372237
993842
119137
109830
1506999
308644
113277
1870419
93010
51658
113243
488120
162360
76141
59229
401420
35979
99726
1428538
1286537
210234
95403
1311067
463998
1046173
2561572
49223
171356
91159
373856
1220888
1329454
192111
2960930
791304
99611
222012
2806788
1013752
2920808
428541
101846
91042
1456635
77651
1227378
330373
2429074
1821426
1016075
210070
113097
77663
400426
68612
382077
186151
4007502
1648179
309593
1205489
110006
1438176
97428
208988
125022
89153
373889
89118
137523
101917
109831
120684
470765
366548
760311
35896
99762
165798
62994
805526
190641
104299
67185
1720616
113161
432283
2165765
107050
481536
141098
1702014
1127884
91187
1117385
119114
31385
1541160
116329
107091
425061
961108
76162
2820852
1381505
2167202
188640
259324
91142
57076
2115295
216799
796212
396592
264616
241527
49261
418689
455499
408345
60390
172493
119237
101969
1161418
4257858
456554
120669
106856
1234654
109936
1201167
1179034
893402
460812
495596
31398
97500
71517
113253
382734
1686039
83967
800039
468489
365265
87363
45826
366551
434008
1703199
1815708
829176
113228
220506
377062
119094
93058
430105
1502712
99654
116704
1258137
119123
1083456
42546
1481572
119229
335121
235679
147612
290212
1885265
173840
821640
1166100
2556308
978759
1657510
97457
920458
101862
252503
79221
295297
333766
938305
434215
217505
497915
99685
1129423
3390572
806088
119273
1361318
208196
2574698
2015381
115693
427327
144964
119115
116483
96870
1925435
335119
248845
82509
71607
39416
408790
962726
350934
99697
1583421
424136
101984
95294
119214
280665
299981
1783232
361620
104427
322330
457572
325537
82477
102005
113305
58083
39417
424095
1757746
104231
80716
1244659
414982
119109
252489
67093
154506
89114
101921
79271
33717
113114
21884
1034032
104254
72979
113118
452625
120679
192071
64418
97441
422295
80855
162346
2344678
485323
1194263
47034
876563
120663
1063056
119190
97474
87233
97493
353489
116322
1142977
361693
93105
2713180
85542
400497
91203
1201607
1525366
107007
77572
1621039
308353
67128
361596
97366
251114
95243
85636
97388
116514
2267998
49314
110005
1037218
339034
116311
772168
479468
1405500
27652
97328
2528814
91167
87298
438859
2205904
2524674
38559
77631
1661382
82498
1261047
119217
228333
1454468
1341167
89280
2436516
82432
432289
110027
2714900
430308
124718
104291
390022
32455
293815
2424988
427229
2381335
266543
190419
80798
116287
116493
2193418
87365
91188
1263750
1438298
243931
2741806
177789
35899
119142
2231554
95188
59170
36872
831387
119152
332047
83943
32484
279111
1232776
83944
800027
1929263
106881
97336
74559
338077
3499424
2097307
411475
1329457
172495
42451
89222
1817676
1536410
99582
87262
116477
1270835
116259
107096
790665
339147
119141
61735
1403177
113041
1054588
910554
2191701
131409
89200
2935476
93148
95179
50490
1856014
808279
1314652
77594
179183
367959
116531
120662
109951
181536
34862
91059
2345567
44706
1596343
1622979
107120
377981
426459
314067
432402
82398
317648
417658
495034
2258345
45810
780516
104348
83987
22913
492389
50419
102015
295254
412798
83929
95271
944101
485909
71571
82449
1798709
356634
45793
373883
119177
119282
104409
1247667
195714
1104733
1225822
167190
85615
926084
947810
118900
93137
162983
302674
99653
419749
1626146
74512
104265
477302
122082
453671
210075
1567233
119173
1594918
2386278
150915
162973
119215
113189
297162
113117
60472
59260
356614
1321870
116361
1097643
116289
95174
1133985
274518
840322
285175
1632708
107004
89175
1152822
436364
68699
280707
120696
2141751
126916
462322
61747
187078
171359
97481
76054
242519
38574
73018
36855
89126
65724
31381
202381
77530
262432
439662
116502
1028532
1226229
82418
102034
116282
119223
50468
2473602
15881
499375
87277
2381941
195778
139362
252501
99740
84021
24069
806147
975645
433383
120681
486578
64940
118694
2318527
89173
93036
87291
32599
91083
210065
1375670
107076
297884
107048
977214
288477
97523
186253
1798188
61809
454848
89360
808331
116768
73195
59309
234000
248126
93260
60522
113537
209077
1571404
45897
418763
2076220
155753
322802
113552
76221
181627
1588334
317676
107131
91278
219822
1029231
3235888
1023490
830570
347332
370754
2609912
466839
25316
102175
448011
1228705
113497
822389
97576
97637
118744
1230414
1196340
493430
466460
104437
455967
31505
93223
385267
1032815
371735
40506
1876277
180748
49366
89421
87578
170016
110123
220580
427969
2300975
144715
110057
371746
1791528
410097
3678938
2908446
1568921
23042
102164
247425
780548
1020543
319531
110570
89346
879843
1013743
3177316
116552
1564367
2591814
1477855
102181
1049402
415856
107692
2980472
1340107
2113681
252597
286716
1742044
52918
236348
60196
99939
36969
110169
119485
99892
141109
1385912
56085
1057500
2510894
304262
791309
356721
456481
119396
1435513
57187
314063
110146
368794
3165608
3263614
329717
97635
305711
278504
1667889
1528071
93300
102070
93209
104549
3715320
1135503
119313
93206
119304
902290
308476
1033483
113481
110167
1714209
332658
116594
113492
24216
91306
1442571
119336
395169
901487
130018
245686
119360
1995341
52948
104647
48254
297181
425112
1229822
2637294
881200
113526
45943
99902
810913
1894476
110076
206314
382765
1094249
272152
110093
113321
120701
95348
119468
387808
494238
2537176
111512
763840
460780
71691
47136
250478
274166
762104
57197
1839494
93277
119484
120724
116707
385017
378109
304229
273689
1226774
2802144
119303
74751
770772
893532
61811
2042568
119361
426615
206013
1155056
301470
3036740
116621
421994
892767
61770
136352
41546
189192
257568
80923
95467
989000
113501
373469
99785
119345
1980986
2802136
381348
361748
102057
1075747
396652
40497
42619
250468
2213054
401729
267626
1646959
36027
89348
3472226
2170439
199626
383846
171433
264761
120741
107286
2465578
99800
1480295
91217
1093370
1448755
418773
119311
2911666
6864
1726669
77766
446059
480249
1270291
48261
3063516
68762
441773
360717
1783732
251127
2094018
489099
110877
65938
1103153
1573072
1788391
373051
1351685
107144
56512
298845
119432
2357129
443559
790724
77711
64541
99850
418753
68768
368667
1233301
816539
322589
1710396
3327624
300051
1080016
256103
133024
780567
53976
837562
2917388
110081
433400
1616195
116684
1742650
205177
762107
107254
165832
55031
251736
320661
107211
1634122
89424
1230385
762110
116705
1499666
340163
1375666
104438
53946
141369
1051907
266697
1276962
110216
787475
80979
783532
116669
451079
107206
1700258
107209
758758
395585
446719
369610
347304
160399
1226236
45888
57193
57091
498353
67277
44760
99819
268380
104573
453494
164052
116629
425123
1345777
300015
482088
1411704
910905
319524
85750
102178
1077248
1426378
388125
110099
1341188
211443
87469
397078
138510
1216491
339135
358294
1410063
4382552
2294677
367882
51773
482527
844993
38650
91080
1832382
91223
473367
87507
1407061
1231587
1205537
172684
762105
449994
1760967
42593
77745
254481
60584
449999
432637
465502
89393
1373156
367913
2024432
85809
498097
57163
80179
2180411
211465
332136
892769
68713
277027
2061712
84088
1397514
444653
455538
378072
113347
2621000
1764234
128278
63803
438097
107290
104452
280760
116571
51745
1311071
56111
110148
104454
2244901
53925
3195644
46521
45920
268397
120703
188674
119472
116683
1556243
1464540
102138
44741
58003
74442
63850
1667838
104466
2372222
785006
3801314
70239
308379
388182
23027
65571
1821480
445990
185371
193253
33729
450278
460829
419843
97626
151150
41498
1253864
1582507
2718492
51744
315983
110157
348568
55032
2393845
113451
93220
1416801
107302
1418754
1302011
2101569
104561
1242432
76245
107207
177858
150992
85811
116756
3278330
116778
104431
110265
354668
116743
1220628
252591
420609
119381
261392
24188
93278
1535438
1646971
50556
1131734
2226417
349683
91225
102216
1418377
2176013
104507
435680
816692
30287
155776
443536
1523483
327919
95468
1068956
113500
79417
1645089
314431
478311
58213
1278379
67309
71910
97659
3504048
120710
1726589
1460743
104511
76276
2678948
1456661
63121
362269
1300854
162866
478134
1935156
384642
397065
493264
113442
309698
378194
102059
312843
299172
1617661
417791
99938
373024
897361
1045772
95444
1699513
91341
240468
1379182
251160
343818
1545660
1637688
104627
1563719
2302966
388139
453729
986233
1499658
359517
472458
263488
1702443
2106361
91251
70215
45883
70233
804497
110222
984200
71650
65761
1504403
3086442
138524
1772925
434124
467406
45891
35423
116722
478813
269389
77742
279889
1116184
1640484
104684
107468
403217
978762
1957945
352343
280870
482930
85859
49456
323033
93509
57251
441774
337592
1447500
1276104
419198
97778
377091
93507
2366608
46268
402158
79522
120738
290002
314331
1615147
99994
97742
822832
27884
119038
81114
1518812
1275863
985694
339291
110367
122151
1392190
1915581
199725
113749
449851
125664
318155
84719
120882
97790
119683
119488
899106
212338
328099
109440
1592525
95519
2406252
100112
110329
139414
57298
1663207
114671
409011
273799
304328
102303
95560
473444
70379
252076
89457
58329
328107
2261749
422720
110478
116999
89560
1175506
947802
449059
146316
100114
2016940
274497
1231287
2103217
71487
91396
1046947
79470
418819
100024
454987
130827
82100
325805
455612
487419
1929308
498380
816556
808339
104695
74812
355702
363276
804505
21577
886539
119643
1470023
58331
175880
40522
242587
483726
1091191
1954598
82694
346336
903657
420757
1392197
117008
259393
37059
1606384
97722
1707386
424227
337978
1032825
56215
97758
349710
56193
970866
1242545
119558
65988
56172
404203
102316
1646973
110322
1132449
1216496
1924435
116839
54749
479952
1583420
79501
71746
164085
416960
107478
120742
165859
2802154
412922
335266
64615
70544
795421
117002
73312
93512
116830
70328
1705772
2852458
104797
100050
213847
40536
56736
119640
2855648
113627
1213648
1029235
1586752
430304
1055292
1686784
95593
1197624
1441326
120735
415978
67334
1183276
1976989
1151359
2172584
796307
1204975
110363
1710417
375912
2268016
116996
3495000
110442
101318
91369
89489
79540
1219342
107387
70355
48280
2304771
116922
1038686
3001638
325703
275847
95583
227005
219952
66011
452643
37865
44837
399295
104756
1568338
102293
805564
37008
462395
418832
1805297
104714
185431
91499
102250
308506
3449292
264796
770828
1082853
2692904
408985
250494
2106537
467197
97733
1587310
1277953
333780
1872818
77914
93378
351283
1322333
119592
1073498
107426
363780
48356
64118
309820
107529
2215285
67411
762114
117011
866439
282687
1142800
107659
338216
29162
126388
100029
1421373
72901
323013
1810683
89469
1707392
2639344
116913
60666
113755
2582496
433412
2870756
443272
1465487
804507
104740
765476
110353
61955
77889
110443
95250
258273
345551
65143
93407
1179025
91474
66026
211915
1305591
102426
116823
1638002
303361
102343
4046784
116860
89530
1967545
1592873
97815
107473
119528
490166
33891
97858
100054
415965
425210
160484
1216492
37017
323120
93405
252684
1047494
457400
22100
311113
1600524
2870808
951216
120802
416320
1212450
800956
54821
120731
97737
117658
84302
1787759
2581244
67355
113677
217630
1436559
91445
396555
2493486
93493
330602
2097298
91419
100095
169102
104782
1371155
156729
484740
1426329
110364
2002718
808526
1483831
113690
59418
382810
306734
891527
1646974
258760
1442519
119506
147004
58946
377092
1236472
2358891
2392326
757361
73114
1996310
1924396
178737
454876
56195
1758692
1228933
282698
57261
74860
97770
107507
1189073
93409
1588895
107362
110365
452637
758752
361841
107438
347473
113729
85862
112769
107497
385056
1071812
291341
50658
456144
81059
298408
21079
1167638
1810697
110678
86005
264935
56291
1527186
59550
156812
301634
104926
119707
1127702
39677
1182921
1563738
46085
302886
317919
79574
93693
100201
785035
1602613
181739
428870
872230
87799
1734110
113972
3179568
33922
102511
107612
110684
151691
120749
1182345
1171701
1748122
93677
97967
190590
113987
477347
183523
100157
102494
451833
337692
1605783
2409818
102469
1305583
270980
117247
113820
100258
119715
74937
1405810
195945
53143
758766
404254
329388
79579
1670345
119848
2094064
785007
93690
156887
95765
59464
462465
465538
1001526
85936
74899
280969
2515086
117108
117110
60782
120755
44916
265459
1838603
369735
100318
110538
475984
1714915
87843
2172935
97937
1235796
37913
327056
119695
117119
70464
259484
374887
338564
2910274
431308
1935302
113824
130121
156794
1328634
39631
151804
84370
119664
95647
100140
3168230
120751
405159
1266029
53125
2872718
120912
84412
265343
95687
118531
100135
134618
87803
795434
100168
60748
74958
125439
382189
38762
117128
119079
1821549
1409024
892899
63385
110638
320193
104952
368909
285861
55257
2414766
95655
284363
1333125
84335
119794
95690
71853
49513
2369135
2071550
768222
2283748
82817
82869
160611
100212
39689
91538
349903
1470827
40613
53146
297284
100234
304415
110737
113855
107665
28010
81283
410377
1935179
158811
95776
95631
139462
1206543
38787
1620933
102526
26752
273923
378947
2381249
82783
340855
1655420
151738
93692
107653
2302755
79641
93565
117040
40662
490181
758771
86022
113799
1663662
80319
765120
91635
253798
400717
31679
31762
89748
27996
110632
85933
2458106
477348
166943
64757
465234
120762
67445
1913166
425326
56264
203009
119738
14341
100150
364569
1107365
314412
132477
1321511
110598
293416
100260
2692250
453451
127357
1767354
1368116
107614
119675
31725
271668
1740710
41716
63350
113845
808399
91630
309912
327084
796335
85970
1126618
35093
48380
100232
2293640
117276
430357
339412
48452
374339
42788
3073256
435705
1067774
209144
102492
100224
1754264
1653690
385880
1646926
2852406
104990
82846
114011
1151922
864835
425253
117104
100133
1073241
117038
107711
61996
865559
1109624
1959490
29284
110527
79638
413015
280590
117039
272207
959329
1148204
102558
234354
114069
2290553
107611
300214
347618
456149
1532957
113862
81207
2043932
1046997
956038
277371
84352
2955316
1637706
465551
86034
472198
179098
470055
2378281
277941
1251757
104850
1911600
1229238
102536
2024469
780534
1411238
1078588
397535
285742
3742284
107756
48445
68935
453383
419984
374102
48434
1715336
213890
489235
166276
100143
39628
144528
418004
110729
102517
120765
102614
981227
64665
366777
107616
1415283
91680
110613
1268809
107554
79672
89695
184791
465624
1196956
102592
91578
87727
119718
93640
1197628
3398268
481141
1598822
392465
418362
140397
104897
110516
430431
1078912
73440
119654
120764
27977
362511
82801
58385
105046
451850
780571
76451
1024943
1121977
119807
1210166
488414
316356
259446
73453
113986
1023111
912593
420015
485947
285823
125971
2140203
395972
124819
102598
1937264
86006
119832
479500
1623205
110687
132347
477051
2473794
76489
2112210
119668
1647668
36154
89730
35140
1087461
50798
113870
2281587
60753
892782
1560970
1124052
985058
1046163
119809
356910
82163
113819
46126
102603
218922
64782
804516
79550
111686
457419
385307
48393
87481
1648112
119731
87747
478209
787523
198781
417001
203019
102555
100280
240772
2180477
349825
119791
1396218
1763264
89755
119792
82782
22158
1097013
97965
93608
181689
203755
97889
91670
107630
100142
81184
93624
89604
2043933
368913
1237838
212346
76504
374900
114048
1720182
368891
396752
95652
380599
120780
85601
82766
1270842
73486
93605
53137
55256
93603
1292703
77928
119280
3045616
110725
2036416
3014666
367188
37101
110622
298482
1598828
105017
102609
496806
71877
117107
363282
50706
384369
1186367
1188996
366780
47296
102460
1334260
1980209
1179891
370986
1453405
4456982
258000
199753
265591
1742334
2397535
73540
114168
196857
404390
105217
1691917
46183
215129
338337
89839
416185
124595
180073
114279
1533117
758053
91828
114126
1649780
237539
110989
107818
2299842
76578
401711
84503
439289
2359810
450314
82979
95936
3767372
1981677
1245526
89941
86129
120788
387514
425413
102802
63522
110823
95889
48491
114148
1599348
78111
944835
381505
457433
1092082
69089
437407
73650
2473510
1012804
119891
386741
2479800
2848292
75148
420251
81383
361696
3169706
2139555
87884
1084950
289765
32943
2865074
273982
1533749
107977
88000
47396
102719
78163
110889
437405
1439572
102820
54195
1862079
98084
780583
238552
479143
100403
2980706
972883
142804
293564
473310
432021
1808454
119879
1441951
419058
1798243
194218
429078
107843
117381
432047
2103267
1188729
804522
100507
1436562
258153
265651
79813
32976
89961
3623726
383574
120812
91763
473075
100475
1082868
1424310
1318514
98067
98097
95895
119896
89908
803061
1854564
1530983
1536044
54248
1234721
901507
93822
1424381
959337
376108
107985
24481
210945
236640
119937
119951
3399024
40746
58548
345549
425379
91738
926129
1636826
1486185
119994
490196
89841
490204
89901
320244
252444
183659
373283
2473682
81318
32910
122459
462485
2357291
368222
1855325
217756
96018
89826
70510
110971
822847
102729
41841
910936
2126355
485985
1441952
47422
95956
2800240
299117
1425244
1604171
280030
102789
409182
43949
62136
780595
95863
107983
438315
396171
50825
1075419
200087
87995
1217637
82971
1904996
318627
338325
98105
40724
84488
91886
89881
100519
56412
105112
465580
87921
105104
2195548
405508
93857
257044
89791
93870
163187
1230204
393635
66319
91778
257076
202470
117550
46187
311648
84602
493949
878835
95882
107978
462499
937237
253556
1562871
2481480
95953
93777
35279
120036
100436
296166
105130
355954
117496
91875
120797
762125
1231277
1034325
1879032
350028
69097
155975
382932
1182937
93748
2275946
93886
397619
831884
110932
87985
1434447
1032755
66206
969269
963194
421239
403455
499554
5065822
2976182
1699231
129290
2199571
107953
398375
482572
250687
1839492
95925
2187115
2077833
448694
472160
1188113
98213
120791
134847
30637
98206
462504
84516
1741243
89767
114319
1447508
816258
1540128
165929
126604
1403981
3595298
807758
449089
458367
100405
464154
89927
1138489
88001
316465
98253
87909
100449
73636
81353
138704
2304953
70511
131566
1092026
377107
42895
449487
238546
266915
128445
100502
366943
935075
2388725
120782
325980
86216
119861
272338
313542
134154
1408253
477078
1179904
1075417
772193
1417592
88024
1291465
337711
93773
73631
76538
89822
454224
120789
223897
95927
393685
1396221
117333
114287
93793
2345112
79766
433035
119942
358082
119906
62138
100404
120800
89885
128442
1226681
1411250
881320
2120120
87928
75147
114323
475355
120029
368563
842929
1911658
200027
1173745
265632
88011
1047540
53221
1582248
89893
105211
105128
246894
258038
1535467
82933
91777
55304
105219
1114740
81375
1440266
95963
129332
477071
446013
1331064
79817
1708532
2436386
125454
95989
102685
1612774
1375789
71994
53172
107840
1032819
110950
84628
390384
2109184
117438
89886
1926313
808417
82910
91790
1839596
91757
1814836
814255
66214
63518
1716777
376105
955308
2091473
110912
105165
156934
66301
84522
145734
35238
183649
70608
873886
1547234
102782
48473
102768
3622592
414387
105156
133152
110857
117477
93818
100419
790736
160797
1336608
1663321
1714203
81398
105275
86200
180093
1034331
256276
471030
52080
82966
114272
1392214
102798
67588
1029360
386005
283431
28212
171685
120032
1990314
216986
38890
184858
316396
3332064
100486
964539
59646
1230165
108002
362004
449088
69191
228750
52151
47437
107969
93756
91877
110759
1821694
830515
48545
102744
1142433
93713
100395
120804
79714
134033
1234719
353969
4432480
86154
14429
191043
52077
430922
1446192
63442
91860
82970
2431286
1640548
46250
365686
60827
96028
1192628
105236
122690
486640
98180
79833
294870
76590
54215
105226
89880
1727358
213149
1152836
196069
318034
1220634
1623288
87957
2364841
378897
1778304
1829012
70518
117509
1748179
2338151
445620
3479316
91799
1821593
479528
78087
234588
1245104
1053424
1656186
90095
234829
83131
1986953
105477
239949
405325
86336
986264
448124
2125608
67741
105459
114478
86423
1798684
120815
2172071
286112
69341
120828
44079
1146325
120855
475394
1675192
913968
120177
497972
2752772
815244
103060
111323
79944
1486190
203119
94072
1397280
28231
1244668
420901
2872750
94008
374271
2025667
1074638
413300
2103254
120185
416220
45152
94027
86320
1185266
287717
162677
81534
117791
479751
117705
189998
86425
145487
378793
239948
158714
1637725
1185834
2625030
283003
364045
227538
149151
1340138
253754
70723
108122
70666
88117
81455
1756750
98319
415306
2112281
98258
324127
810922
105417
59711
261983
862846
437179
102945
167427
94074
1931533
1262416
34240
120241
1767382
1133993
86383
382992
92007
1217213
413267
67800
814314
271946
46303
417148
81554
363988
49778
158983
2023690
117666
117631
120122
120820
243585
383028
257106
96219
275719
108255
1000774
1791614
29604
100740
88206
47472
134084
96101
88178
375063
390538
829482
38109
90021
2140373
78346
291502
230838
53318
2012011
108148
102943
1571243
1596346
54331
195231
120199
1592281
838283
1723811
1615065
421073
1389096
88170
1261945
114576
381429
408236
492486
945513
892791
105378
88128
2072227
1127896
2369317
42994
98354
117880
494864
240890
244244
938330
91993
1447972
108162
105466
379976
120857
111257
16332
54269
900387
108160
256415
120070
426592
83169
387575
65063
365748
1515091
4009460
298148
111301
952682
29583
379786
384537
329575
2170593
1588342
401792
70643
175142
84777
120125
1680114
1650062
2070862
1966566
250720
964587
80684
91949
1398426
76723
2377938
98384
1023481
145531
28333
2140465
114367
976247
462519
858479
46359
81573
758786
23551
90022
1800741
1705952
98273
102975
2101441
105402
133189
98439
1766094
283026
401815
88184
398286
1124394
274117
323939
69281
368658
94006
390521
162661
1294213
114388
84745
108147
100758
96244
108149
829297
86361
240913
890870
88161
386820
70698
1186370
41866
314353
53270
40823
96149
346156
117628
81562
43014
186566
117589
91991
96094
120148
405336
117571
2306745
358135
218619
439815
84707
1111948
368975
98320
367027
1517489
60955
428579
1010048
497137
450843
3316960
78243
446046
57495
479997
448134
251031
1214962
2182972
52225
365847
2494280
114496
327137
332375
186589
3210686
56541
108211
81529
98309
2077851
111282
365830
489270
2370248
126029
120082
145893
56058
102951
76786
432348
1706620
114436
105435
337741
1770734
1865505
489281
19421
90142
271219
65051
2229842
1425257
117603
1135084
458481
120102
978764
117802
278731
1134854
775539
120841
372588
94057
441796
66344
245429
2205697
114369
316654
1100119
1233227
2178508
96061
166813
102915
111127
298337
256380
1423995
73692
108258
324133
411951
114614
75222
1193631
815236
103064
156323
796366
1045658
2366450
81480
396857
108238
63671
94118
120321
119227
282599
120094
92048
15324
51036
420223
91954
78252
18455
2793490
2626350
367110
76729
67824
90060
108308
164181
465602
195234
462590
206275
91983
1440292
181852
94012
1172206
2014338
1132626
120112
369994
36342
86393
24601
857265
3079380
88172
90015
1424432
48673
103003
240900
73705
192657
120844
265808
266987
386032
119210
108174
1601475
480011
261289
114608
133046
103035
386064
120179
58576
108281
489282
362120
497986
117731
184894
365737
274812
79945
1633356
384504
464196
159784
90056
1678051
1403862
96163
94025
55471
384533
48696
162650
92005
279781
120184
362165
891592
138097
1694542
988045
284490
53285
367085
430634
120831
114558
338427
92067
2446042
98282
63678
2063781
1767372
1020072
105391
351817
936501
438488
250081
76740
808357
98382
252028
1718903
108101
325055
124879
338466
120201
160862
2140379
111201
117665
1028576
3205376
1272886
477095
811080
69280
117608
48641
79285
31951
845046
86250
111149
86325
338459
1948150
970452
38057
105414
164912
117737
2085930
1748207
184907
482603
239986
1291150
54357
348150
145503
2567712
2452200
168172
108186
491152
103016
100685
120915
1588398
2933474
38969
387564
105327
286106
100680
486655
1027862
1421051
34248
98724
105488
2637276
335438
34167
158371
1130884
1956620
454945
795461
1210106
1393746
300471
307479
108188
1978532
326208
98453
1464580
457513
121765
111280
306047
108265
1092634
86190
3397884
196216
1247692
1564585
93940
86366
114508
79871
108185
120152
284929
208092
348121
105399
111400
796368
108065
986263
1135985
121766
102900
473705
118736
76666
1232783
120207
1735898
461703
117765
73707
96098
267913
120238
270846
75314
98360
75276
423169
120202
844760
1307068
1787988
120265
31971
75223
360009
117723
94082
122718
165982
23427
90098
67756
120686
854678
108052
393775
439630
780608
3253624
120832
108171
1408101
1629391
1682180
105415
479537
446029
116426
423294
83111
331632
114594
46345
105323
86312
53291
244970
2080374
70707
384806
119324
2055765
79336
192255
133751
311429
312004
433416
93185
2132285
2024519
2717860
2017020
76257
63374
182000
112461
59183
443632
119978
1085492
87428
1320244
325596
106400
82118
419887
39694
112579
1700845
272020
59740
106664
91209
419946
1234548
116277
95489
65421
242527
99674
2140577
1366344
481499
402901
120746
1130080
292506
99703
116075
1294226
3416744
109446
41859
32762
38369
133952
375920
54743
1073105
97235
77588
1017451
82416
1872194
98051
60862
104036
116209
443527
1709143
938283
811138
61722
3181822
365485
435651
38355
96251
87597
280460
1538403
457297
114345
265662
884328
1601913
402850
44953
91064
835418
65446
247638
452681
395584
1535616
304669
424774
80453
1053810
468569
146984
1932718
427470
1320253
116409
37536
824758
1454029
87231
844708
2118624
16220
41386
76683
120737
1321860
41094
118755
67116
185937
265666
277296
830558
926380
33804
1700844
2304426
106627
66193
78950
81070
74749
144117
887912
30341
90713
1657299
385752
1535970
387877
838221
55894
1924394
289408
2555736
377818
56197
94716
348593
962711
2918436
56218
60232
55018
1951266
399327
1124035
51525
411267
1504320
88939
112744
1341710
1467304
274558
1345836
343737
481369
368933
230600
283530
475944
414993
1210819
54757
429589
83907
71771
85780
111161
815178
151582
111143
119670
68638
124295
54033
108071
951335
118804
110366
89543
421238
115986
140352
997152
113762
79826
331952
819714
363771
1316536
167404
335345
102388
96764
36244
68421
107822
37077
117420
102713
104868
119196
120706
57490
235737
59274
472399
332280
47985
119314
89470
106226
983193
810988
80009
77280
1135525
87553
119174
265349
1285309
97368
1650535
353324
53131
1954206
107282
116313
24894
82934
356680
81505
245844
1645080
165854
50539
71562
1234541
119051
92695
787474
428446
96734
23238
382625
64840
963794
219699
54953
809504
2319580
304711
120769
1951264
396707
44876
242653
2333784
98987
429493
120757
1343092
82406
23245
106918
91530
906734
110475
1247662
1951181
256524
209163
1594562
1093357
216216
330793
1800246
222850
116421
61852
74906
77474
238924
138749
55277
255798
83630
167260
36868
89087
800069
63035
49096
427944
84234
73341
75968
71577
50280
359950
237572
89853
110647
1220198
79240
58700
82951
790804
56217
254099
1825157
110771
54673
422861
83791
192614
49406
75066
2262227
346457
253474
371724
76070
1427298
85959
144214
206917
119116
455590
1058017
818165
446755
64603
85894
1457765
280720
1560985
318411
2515034
87451
227445
201485
107927
1334553
120053
355295
454864
115798
102803
78872
1307873
1575694
783238
1655441
24184
2034139
3268458
74851
2265171
118647
142688
1850397
810823
1802197
144814
82533
3097204
308383
1226232
93894
82474
111070
2120152
53604
866437
200465
1385826
2177771
357110
431197
79100
1687281
189584
1144884
54047
86856
790628
88847
1659337
78869
71807
80736
1645170
180052
57449
79367
118768
95488
1458175
1170358
1836944
54594
31448
393735
163978
407887
2398231
448075
1571249
2799166
961728
209958
2321549
28597
92843
52027
187393
107501
250323
213790
26029
40725
2064968
58404
131704
1578275
31455
74483
165874
82377
55184
2376218
314676
85407
18037
838232
1334102
70077
482571
404802
318374
39420
99615
75029
68931
107943
2081437
85244
84237
2617676
1232200
1147687
32904
1555093
406158
1333667
326905
1486834
70294
258068
2309260
120783
352520
437863
1790886
73629
43265
63227
1520498
70334
3534602
33045
19777
46754
1034389
218378
67328
485601
101761
59575
85701
116654
356618
17925
35015
100530
44829
71569
976051
443473
44391
430576
416212
37988
1366365
338348
93044
115685
2345737
89869
25164
177971
1119191
455960
113419
399201
50212
1424003
156841
2032557
889588
93560
89461
51411
435653
93075
1411697
315824
129167
123209
454921
80801
132910
109067
2234155
120786
110763
117500
117887
1535612
433386
69895
91326
104114
1817273
59037
102004
245120
75213
1549920
1205535
97647
112966
949731
1769363
99797
1155076
464041
460810
95897
93072
84695
48347
50861
102116
1018785
1606180
1951261
762121
1085779
1381404
492044
107151
45555
1966604
91149
3618822
57413
232500
118826
445946
113957
432291
42208
160009
80641
80678
292644
119395
97757
864761
267804
100514
90863
1134629
87755
88814
74896
86197
76618
46247
57129
108037
66769
59245
842926
2517658
803057
117218
402399
120917
298130
460791
337721
865556
112288
419724
1951265
2282016
51878
2292959
62755
115963
109493
1517260
319262
288045
133093
120824
32234
115988
2005374
859163
2172985
485851
110074
68334
462396
116731
103855
104940
1731697
39169
1491044
865297
380510
362270
97443
821642
1313104
1560747
312700
379225
963178
109045
80455
69113
469903
110213
488604
96754
93437
45061
865554
319736
71970
100477
107798
205873
36112
83642
96071
82427
455407
18742
247199
102510
768212
335245
49470
120772
89218
158622
492956
109813
435625
101889
1300851
79588
2084970
114194
1053859
414951
1119646
2083355
303353
67549
478988
436231
81617
67525
335013
119349
64110
327850
279113
15864
110955
87075
268995
41452
878804
40636
29843
164108
293508
267891
116448
109506
429715
252480
51337
368774
81071
76095
395699
1613062
111003
240510
1045655
2265534
1883367
117331
85794
1666335
57115
101523
1172994
104040
99810
1392170
258463
1618442
32553
112572
43456
95497
93936
2980648
70290
84649
80437
2720680
1285016
117057
105159
119164
443680
1433822
35211
89370
90927
25452
97108
101272
806165
115580
1866249
948470
40525
117283
116583
172396
48342
990407
452594
2272350
66740
2179116
1142798
74292
784972
120483
2093270
120777
1440728
1092633
138304
17075
1412386
325710
31867
89907
112757
425430
58085
814130
800080
53580
391198
100240
3461252
120609
2184339
63462
1531924
3203616
120744
289879
71524
104691
1905040
171363
76363
84296
338751
118632
71615
2235779
120616
463985
825232
91541
406650
86373
110308
92654
118926
269347
77416
119784
400525
278500
455782
2785032
120768
118760
1379177
903624
104389
66819
1525890
60921
1666801
1195478
117364
457939
35169
118971
1345772
1951216
2326612
283426
2582846
87538
87089
2203939
1054606
1258972
2975578
1270262
436697
103747
70509
15163
99165
94963
120646
18806
2404463
1103982
33028
1600196
403508
46889
476964
77269
47030
59043
462338
45537
56262
48424
388980
343788
66249
115571
1743720
39190
2726560
71360
72081
2310332
236493
1259521
380623
118661
445939
1972779
111001
109402
434139
52902
167261
66993
780607
1327194
775529
2652092
492619
80749
1530509
2509850
332379
56194
57372
74806
99731
56241
469263
124315
101605
117372
1031969
22286
1010271
467200
963966
1839654
1462769
94608
364343
1433207
1403988
444682
3659388
462538
435670
93780
91557
1386588
86993
1107860
52738
1659338
70047
102926
373908
1043726
458352
49730
174856
111112
1294970
1212436
252963
74174
1872181
398165
95253
105121
1139328
82334
77838
1037705
2756032
54997
1931435
266391
119925
87781
109890
56869
974613
305396
1172571
1540133
2910814
78966
1235170
120753
33836
406759
397101
1482459
317740
105151
484562
377109
1194173
1790864
241760
77681
55719
63415
499448
116378
756683
2503154
112887
83851
392878
383216
1189340
3729920
118972
408839
3138104
97322
1638364
48977
848228
386140
385705
120773
95705
805570
77869
110657
82136
32701
86058
968264
37549
4972
112499
302640
200720
69947
118691
87932
84701
42531
56575
93779
427309
309987
193364
114134
2280378
99951
1033575
1204342
796302
464049
242888
110997
53084
107889
452624
3464902
107034
51418
489237
49408
112585
38669
40160
18773
60424
104692
799954
2403021
99528
1821641
314498
112346
246544
1638355
289992
296572
51622
142192
78767
72926
385057
364961
115862
395251
12349
120794
106223
68833
1320291
1673697
208874
844286
306841
1568346
1041829
116908
33870
338094
75925
954947
308878
454841
338188
265208
2402157
283534
74452
298814
129280
100594
110357
2278388
443543
110428
61578
38854
372183
410297
28096
107563
404032
1172991
74777
2286990
116365
75809
1694020
107688
1488555
119874
1386925
472181
1173687
134067
368008
1457767
106977
473188
118715
76299
59319
79180
48281
59243
234215
1496422
117318
243133
91129
58333
970416
219854
1441953
120689
114214
465430
804492
980970
168501
48605
80516
368226
1935902
379889
852713
455362
68646
93389
1490017
94606
75005
191397
86066
120004
23293
145681
2375605
120008
466909
78908
421715
44672
376136
473356
74554
1313139
373926
71935
2383068
119567
94761
317705
1226271
1572315
102266
1716772
2234261
366627
295427
475937
1265990
418586
60934
1764651
780521
37884
2330322
32551
499556
942385
114660
1399103
25878
59797
94291
120347
94332
318761
1452628
92106
111418
84868
1838520
497465
471042
1621045
1840417
155267
1337032
361127
375154
1245492
98622
811106
1242460
961097
105643
480025
32143
84865
100944
467110
62472
1931602
114814
84787
70735
143145
283632
108358
111438
277434
1032751
96332
84917
3152624
23622
92240
118055
105699
461694
63688
801526
370032
1403865
329691
1039647
783598
407265
81568
38166
86525
120888
383694
59749
65088
1407084
111477
73812
384680
301976
263757
2401097
2561546
120373
90190
270707
78504
120458
108473
65112
831887
139699
1756851
62430
1673434
117979
1762399
90094
108442
293662
72251
1686821
460989
120863
1139668
80025
352994
1084972
1142988
40897
145547
1371150
96316
264150
114898
120461
57611
90270
1496025
94226
410764
1103275
1055369
2268458
379557
2177843
469623
84827
2398249
340377
63663
250797
35446
129387
245674
118111
88414
258967
373445
1027718
111503
399854
114694
51207
120255
1204340
2083383
144640
88258
98554
1183732
473709
1824254
176269
41996
108394
1860353
164212
840361
120866
1714206
88247
98621
1104001
84805
884224
34398
94138
44121
327247
862467
98546
83190
1639426
72285
1536048
103129
1653700
1243957
362227
815245
139668
1273678
1545106
70903
905372
38988
328589
358273
114885
2069100
300556
73906
141926
52365
2771372
1758830
2109248
478304
2938956
390614
2427892
1369706
3089388
105616
312549
270053
246989
47647
2967006
138946
70917
78480
1821700
111419
160916
210358
3480796
73747
2187153
54428
1981107
4833824
47577
937375
66491
192731
66434
760329
78492
361309
420294
455805
105690
108598
72271
54443
86465
279493
120520
120484
3787590
434409
2358925
477080
98471
120390
1911662
159097
473308
120885
3672742
412080
330994
401855
57590
103130
383010
56592
167456
86567
3099498
120382
86450
1217070
98577
834001
443274
1068678
283084
117918
1185616
37469
320691
1340800
111333
98532
105629
29747
1296899
196158
62407
1606389
105636
84814
1855401
94142
38991
471041
437954
117998
1509767
108525
1666186
468565
1570989
345950
92115
83232
2317337
1291584
2401807
80117
1964418
90274
1049413
38975
65214
800369
190865
38160
1976000
236784
86491
2463288
120389
45274
67927
96320
1324059
117774
435761
103112
217869
112302
2339741
47677
190138
243017
914863
760187
146309
67959
443676
48728
120338
910970
114681
1187064
124179
1156466
1465522
49934
52415
70849
2450186
111255
962736
407304
1032821
367478
1568911
1632547
367089
120176
103074
108333
365885
86617
244870
281322
2343793
33149
117768
105793
862856
114852
114746
62467
209475
452702
1082886
1125849
35417
368447
114825
108330
63759
268695
33152
35432
1965272
1086216
1389137
54387
1235166
2084989
1067583
166396
3409392
416236
1655460
61107
120363
164184
114709
1324999
18528
220099
88286
114781
332452
69467
92076
1674784
3007512
280380
1235448
954990
1183921
51077
420332
328538
58672
49833
120188
202677
313737
384686
2309021
2784678
488658
51003
27125
120402
65126
311941
1274300
1213663
988047
450345
81633
1288403
360130
92099
105585
57569
33238
361089
48750
3672840
253867
405469
165078
896872
120434
94035
1588173
493459
339840
127349
257231
1296898
86508
324216
1596350
62376
1727388
55601
985699
3320578
120902
70842
139809
81698
111507
96289
1017464
857190
41959
84809
993846
162710
372532
59825
1259571
1981115
133240
96257
90103
100828
155388
73802
45296
96256
47573
124901
450340
78446
1325004
117894
780653
98536
114702
1216516
234853
170691
114857
120913
282120
1634136
454970
2239832
61407
2199711
338526
409459
139654
351977
482606
1129442
96380
84855
814335
105695
3630276
181865
81696
72226
90180
498399
450336
327162
120873
46534
59742
427968
482629
425601
70791
114682
371739
100814
493464
2105044
880578
1673702
108451
1758795
146336
72288
2980516
418279
94155
2403029
108327
841046
54389
452694
52311
67893
80120
1658837
1440345
480271
86541
72281
2364975
98663
120877
2258858
120399
96283
210382
884732
105698
290095
119594
2882328
220832
2852400
117958
141974
98519
96426
417217
32138
151568
420238
290332
108399
268690
1659343
419294
241025
117951
59800
72308
134119
758794
1430132
3520418
166896
430674
380066
161100
37415
3704538
443701
453556
2669336
124198
456020
1595656
52357
111667
57546
1566648
98575
428251
342258
23649
2279373
100802
1179794
120879
2140619
37382
388482
800241
1456941
114787
108539
55614
1742336
365929
92272
120889
202402
1399683
360201
63823
2380331
96446
2130321
1343755
300620
1152850
100994
69495
1462900
83336
1865567
1220719
70948
98635
1781069
185014
324554
198021
65234
120524
96463
1641638
481797
42041
785077
1068680
104181
235060
65207
90350
1772341
2238050
1449283
436971
80149
111797
1216520
2707858
463392
120891
103241
496436
1586265
43137
70909
58777
1837709
2193265
249241
76929
56687
35567
81748
2495118
2788716
373450
94321
190332
376994
1999995
108551
2247476
181151
48801
1598642
207201
335559
770703
913445
131646
114906
114924
2725962
443295
2693664
465676
47673
1865569
816711
108550
334754
108526
1625346
92086
49966
486946
455857
2334879
51189
1235189
103239
161083
86618
1182350
1262981
1791682
1302067
477139
203230
66601
98645
310357
1692504
489037
96438
120512
1007028
61177
1853643
2582802
960144
1185416
329774
1033643
243655
494652
161081
3612032
23694
1790885
386117
375210
887971
119934
335563
1646987
406375
103251
245562
30993
120890
1270798
119517
111756
1391137
90305
94336
2784512
271259
289635
80130
92214
1795702
381707
67992
90357
120901
298228
2870708
100928
2249221
80057
363226
463034
86619
329767
1414382
1133991
1178663
90329
1877832
2178470
396269
120906
96486
963208
960890
96487
94357
1156398
1183923
365957
1181614
105812
2885364
417976
105813
402022
61184
59903
380817
32145
98625
295701
443706
1247704
128853
286788
90315
235198
293715
72443
105839
1853739
29811
81777
107156
1198156
120514
96454
62512
35575
906108
259072
383060
120490
63829
399877
403702
2017561
100935
120903
118158
111693
1316622
403703
98627
756729
1723121
1024255
486051
111732
1233381
1172233
3416742
458525
416315
1562872
1606392
1386932
253997
51201
1684233
86637
120540
340468
209189
84899
18578
1045778
2004432
1240982
364751
96461
72431
486674
117786
1001562
361925
1718199
1222817
1038988
196229
111742
1567437
242998
181288
1157605
2486682
497116
1144539
37558
1864288
328962
380268
1777551
1584016
342172
109508
1620446
235327
3495030
1113829
65780
73076
847817
122529
1922612
248808
1972663
138563
1229360
486358
1942884
2215719
1229827
925248
1687247
102370
1183919
2382298
308514
3824386
387412
418038
200849
13427
436613
69090
117293
2028530
815241
893382
334405
278736
1111833
1094594
436078
3311384
468094
2125666
1646967
317910
439
2396566
343121
1860355
1477715
2608732
1268204
36506
66580
118147
